-20	-20	-20	-20	20	20	-20	-20	-20	-20	-20	-20	-20	20	20	-20	-20	-20	-20	-20	-2	-2	-2	-2	-2	-2	-2	-2	-2	-2	-2	-2	-2	-2	-2	-2	-2	-2	-2	-2	-20	-20	-20	-20	20	20	-20	-20	-20	-20	-20	-20	-20	20	20	-20	-20	-20	-20	-20	-2	-2	-2	-2	-2	-2	-2	-2	-2	-2	-2	-2	-2	-2	-2	-2	-2	-2	-2	-2	-2	-2	-2	-2	-2	-23	23	23	-23	-24	24	24	-2	-23	23	23	-23	-2	-2	-2	-2	-23	23	23	-23	-2	-2	-2	-2	-2	-2	-2	-2	-2	-2	-2	-2	-2	-2	-2	-2	-2	-2	-2	-2	-2	-2	-2	-2	-2	-2	-24	24	24	-2	-2	-2	-2	-2	-2	-2	-24	24	24	-2	-20	-20	-20	-20	20	20	-20	-20	-20	-20	-20	-20	-20	20	20	-20	-20	-20	-20	-20	-23	23	23	-23	-2	-2	-2	-2	-23	23	23	-23	-2	-2	-2	-2	-2	-23	23	23	-23	-23	23	23	-23	-23	23	23	-23	-24	24	24	-23	23	23	-23
-20	20	20	20	20	20	20	-20	-20	-20	20	20	20	20	20	20	-20	20	20	-20	-2	-2	-2	-2	-2	-2	-2	-2	-2	-2	-2	-2	-2	-2	-2	-2	-2	-2	-2	-2	-20	20	20	20	20	20	20	-20	-20	-20	20	20	20	20	20	20	-20	20	20	-20	-2	-2	-2	-2	-2	-2	-2	-2	-2	-2	-2	-2	-2	-2	-2	-2	-2	-2	-2	-2	-2	-23	23	23	-23	23	23	23	23	24	24	24	-2	23	23	23	23	-23	23	23	-23	23	23	23	23	-20	-20	-20	-20	20	20	-20	-20	-20	-20	-20	-20	-20	20	20	-20	-20	-20	-20	-20	-2	-24	24	24	-2	-2	24	24	24	-2	-2	-24	24	24	-2	-2	24	24	24	-2	-20	20	20	20	20	20	20	-20	-20	-20	20	20	20	20	20	20	-20	20	20	-20	23	23	23	23	-23	23	23	-23	23	23	23	23	-2	-2	-2	-2	-2	23	23	23	23	23	23	23	23	23	23	23	23	24	24	24	23	23	23	23
20	20	20	20	20	20	20	-20	-20	-20	20	20	20	20	20	-20	-20	20	20	20	-20	-20	-20	-20	20	20	38	-20	-20	38	-20	-20	-20	20	20	-20	-20	-20	-20	-20	20	20	20	20	20	20	20	-20	-20	-20	20	20	20	20	20	-20	-20	20	20	20	-20	-20	-20	-20	20	20	-20	-20	-20	-20	-20	-20	-20	20	20	-20	-20	-20	-20	-20	-2	23	23	23	23	23	23	23	23	-24	24	-24	-2	23	23	23	23	23	23	23	23	23	23	23	23	-20	20	20	20	20	20	20	-20	-20	-20	20	20	20	20	20	20	-20	20	20	-20	-2	24	24	24	-2	-2	-24	24	-24	-2	-2	24	24	24	-2	-2	-24	24	-24	-2	20	20	20	20	20	20	20	-20	38	-20	20	20	20	20	20	-20	-20	20	20	20	23	23	23	23	23	23	23	23	23	23	23	23	-23	23	23	-23	-2	23	23	23	23	23	23	23	23	23	23	23	23	-24	24	-24	23	23	23	23
20	20	20	20	20	20	-20	-20	-20	-20	-20	20	-20	20	20	-20	-20	-20	20	-20	-20	20	20	20	20	20	20	-20	-20	-20	20	20	20	20	20	20	-20	20	20	-20	20	20	20	20	20	20	-20	-20	-20	-20	-20	20	-20	20	20	-20	-20	-20	20	-20	-20	20	20	20	20	20	20	-20	38	-20	20	20	20	20	20	20	-20	20	20	-20	-2	23	23	23	23	-23	23	23	-23	-23	23	23	-23	-23	23	23	-23	23	23	23	23	-23	23	23	-23	20	20	20	20	20	20	20	-20	-20	-20	20	20	20	20	20	-20	-20	20	20	20	-2	-24	24	-24	-2	-2	-2	-2	-2	-2	-2	-24	24	-24	-2	-2	-2	-2	-2	-2	20	20	20	20	20	20	-20	-20	-20	-20	-20	20	-20	20	20	-20	-20	-20	20	-20	-23	23	23	-23	23	23	23	23	-23	23	23	-23	23	23	23	23	-2	-23	23	23	-23	-23	23	23	-23	-23	23	23	-23	-2	-2	-2	-23	23	23	-23
-20	20	20	-20	-20	-20	-20	20	20	-20	-20	-20	-20	-20	20	20	-20	-20	-20	-20	20	20	20	20	20	20	20	38	-20	-20	20	20	20	20	20	-20	-20	20	20	20	-20	20	20	-20	-20	-20	-20	20	20	-20	-20	-20	-20	-20	20	20	-20	-20	-20	-20	20	20	20	20	20	20	20	-20	-20	-20	20	20	20	20	20	-20	-20	20	20	20	-2	-23	23	23	-23	-2	-2	-2	-2	23	23	23	23	-2	-2	-2	-2	-23	23	23	-23	-2	-2	-2	-2	20	20	20	20	20	20	-20	-20	-20	-20	-20	20	-20	20	20	-20	-20	-20	20	-20	-20	-20	-20	-20	20	20	-20	-20	-20	-20	-20	-20	-20	20	20	-20	-20	-20	-20	-20	-20	20	20	-20	-20	-20	-20	20	20	38	-20	-20	-20	-20	20	20	-20	-20	-20	-20	-2	-2	-2	-2	-23	23	23	-23	-2	-2	-2	-2	23	23	23	23	-2	-16	16	16	16	16	16	16	16	16	-16	-2	-2	-2	-23	23	23	-23	-2	-2
-20	-20	-20	-20	-20	-20	20	20	20	20	-20	-20	-20	20	20	20	20	-20	-20	-20	20	20	20	20	20	20	-20	-20	-20	38	-20	20	-20	20	20	-20	-20	-20	20	-20	-20	-20	-20	-20	-20	-20	20	20	20	20	-20	-20	-20	20	20	20	20	-20	-20	-20	20	20	20	20	20	20	-20	-20	-20	38	-20	20	-20	20	20	-20	-20	-20	20	-20	-2	-2	-2	-2	-2	-2	-2	-2	-2	23	23	23	23	-2	-12	12	12	12	12	12	12	12	-12	-12	-12	-20	20	20	-20	-20	-20	-20	20	20	-20	-20	-20	-20	-20	20	20	-20	-20	-20	-20	-20	20	20	20	20	20	20	-20	-20	-20	20	20	20	20	20	20	-20	20	20	-20	-20	-20	-20	-20	-20	-20	20	20	20	20	-20	38	-20	20	20	20	20	-20	-20	-20	-2	-2	-2	-2	-2	-2	-2	-2	-2	-2	-2	-2	-23	23	23	-23	-2	16	16	16	16	16	16	16	16	16	16	-2	-2	-2	23	23	23	23	-2	-2
20	20	-20	-20	-20	20	20	20	20	20	20	-20	-20	20	20	20	20	-20	-20	-20	-20	20	20	-20	-20	-20	-20	20	20	-20	-20	-20	-20	-20	20	20	-20	-20	-20	-20	20	20	-20	-20	-20	20	20	20	20	20	20	-20	-20	20	20	20	20	-20	-20	-20	-20	20	20	-20	-20	38	-20	20	20	-20	-20	38	-20	-20	20	20	-20	-20	-20	-20	-2	-2	-2	-2	-2	-2	-2	-2	-2	-23	23	23	-23	-2	12	12	12	12	12	12	12	12	12	-12	-12	-20	-20	-20	-20	-20	-20	20	20	20	20	-20	-20	-20	20	20	20	20	-20	-20	-20	20	20	20	20	20	20	20	-20	-20	-20	20	20	20	20	20	-20	-20	20	20	20	20	20	-20	-20	-20	20	20	20	20	20	20	-20	-20	20	20	20	20	-20	-20	-20	-15	15	15	15	15	15	15	15	15	-15	-2	-24	24	24	-2	-2	-2	16	16	16	16	16	16	16	16	16	16	-2	-2	-2	23	23	23	23	-2	-2
20	20	20	-20	20	20	20	20	20	20	20	-20	-20	-20	20	20	-20	-20	20	20	-20	-20	-20	-20	-20	-20	20	20	20	20	-20	-20	-20	20	20	20	20	-20	-20	-20	20	20	20	-20	20	20	20	20	20	20	20	-20	-20	-20	20	20	-20	-20	20	20	-20	-20	-20	-20	-20	-20	20	20	20	20	-20	-20	-20	20	20	20	20	-20	-20	-20	-2	-23	23	23	-23	-2	-2	-2	-2	-2	-2	-2	-2	-2	12	12	12	12	12	12	12	12	12	12	12	20	20	-20	-20	-20	20	20	20	20	20	20	-20	-20	20	20	20	20	-20	-20	-20	20	20	20	20	20	20	-20	-20	-20	-20	-20	20	-20	20	20	-20	-20	-20	20	-20	20	20	20	-20	20	20	20	20	20	20	20	-20	-20	-20	20	20	-20	-20	20	20	15	15	15	15	15	15	15	15	15	15	-1	24	24	24	-1	-2	-2	-2	-2	-1	-2	-2	-2	-2	-24	24	24	-2	-2	-2	-23	23	23	-23	-2	-2
-20	20	-20	-20	20	20	20	20	20	20	-20	-20	-20	-20	-20	-20	-20	20	20	20	20	20	-20	-20	-20	20	20	20	20	20	20	-20	-20	20	20	20	20	-20	-20	-20	-20	20	-20	-20	20	20	20	20	20	20	-20	-20	-20	-20	-20	-20	-20	20	20	20	20	20	-20	-20	-20	20	20	20	20	20	20	-20	-20	20	20	20	20	-20	-20	-20	-2	23	23	23	23	-2	-24	24	24	-2	-2	-2	-2	-2	12	-12	12	-12	12	-12	12	-12	12	12	12	20	20	20	-20	20	20	20	20	20	20	20	-20	-20	-20	20	20	-20	-20	20	20	-20	20	20	-20	-20	-20	-20	20	20	-20	-20	-20	-20	-20	20	20	-20	-20	-20	-20	-20	20	-20	-20	20	20	20	20	20	20	-20	-20	-20	-20	-20	-20	-20	20	20	20	15	15	15	15	15	15	15	15	15	15	-2	-24	24	-24	-2	-2	-1	-2	-2	-2	-2	-2	-1	-2	24	24	24	-2	-24	24	24	-2	-24	24	24	-2
-20	-20	-20	-20	-20	20	20	-20	-20	-20	-20	-20	-20	-20	-20	-20	-20	-20	20	-20	20	20	20	-20	20	20	20	20	20	20	20	-20	-20	-20	20	20	-20	-20	20	20	-20	-20	-20	-20	-20	20	20	-20	-20	-20	-20	-20	-20	-20	-20	-20	-20	-20	20	-20	20	20	20	-20	20	20	20	20	20	20	20	-20	-20	-20	20	20	-20	-20	20	20	-2	23	23	23	23	-2	24	24	24	-2	-2	-2	-2	-2	-1	-2	-1	-1	-2	-1	-1	-1	-2	-1	-1	-20	20	-20	-20	20	20	20	20	20	20	-20	-20	-20	-20	-20	-20	-20	20	20	20	-20	-20	-20	-20	-20	-20	20	20	20	20	-20	-20	-20	20	20	20	20	-20	-20	-20	-20	-20	-20	-20	-20	20	20	-20	-20	-20	-20	-20	-20	-20	-20	-20	-20	-20	20	-20	-2	-2	-2	-2	-2	37	-2	-1	-1	-2	37	-2	-2	-2	-2	-2	-2	-2	-1	-2	-2	-2	-2	-2	-24	24	-24	-2	24	24	24	-2	24	24	24	-2
-2	-1	-1	-1	-2	-1	-1	-1	-2	-1	-2	-1	-1	-2	-1	-2	-2	-2	-1	-2	-20	20	-20	-20	20	20	20	20	20	20	-20	-20	-20	-20	-20	-20	-20	20	20	20	-2	-2	-24	24	24	-2	-2	-2	-2	-2	-2	-2	-2	-2	-2	-2	-2	-2	-2	-2	-20	20	-20	-20	20	20	20	20	20	20	-20	-20	-20	-20	-20	-20	-20	20	20	20	-2	-23	23	23	-23	-2	-24	24	-24	-2	-2	-2	-1	-1	-2	37	-2	-2	-2	37	-2	-2	-1	-1	-2	-20	-20	-20	-20	-20	20	20	-20	-20	-20	-20	-20	-20	-20	-20	-20	-20	-20	20	-20	20	20	-20	-20	-20	20	20	20	20	20	20	-20	-20	20	20	20	20	-20	-20	-20	-2	-2	-2	-2	-2	-2	-2	-2	-2	-2	-2	-2	-2	-2	-2	-2	-2	-2	-2	-2	-2	-2	-2	-2	-2	-2	-2	-2	-1	-2	-1	-2	-2	-2	37	-2	-2	-2	-2	-2	-2	-2	-2	-2	-2	-2	-2	-2	-24	24	-24	-2	-24	24	-24	-2
-1	-1	-2	-1	-2	-1	-2	-2	-2	-1	-2	-2	-2	-2	-2	-1	-1	-1	-2	-1	-20	-20	-20	-20	-20	20	20	-20	-20	-20	-20	-20	-20	-20	-20	-20	-20	-20	20	-20	-2	-2	24	24	24	-2	-2	-2	-2	-2	-2	-2	-2	-2	-2	-2	-2	-2	-2	-2	-20	-20	-20	-20	-20	20	20	-20	-20	-20	-20	-20	-20	-20	-20	-20	-20	-20	20	-20	-2	-2	-2	-2	-2	-2	-2	-2	-2	-2	-2	-1	-2	-2	-2	-2	-1	17	17	17	17	17	-2	-2	-1	-2	-2	-2	-2	-2	-2	-2	-2	-2	-2	-2	-2	-2	-2	-2	-2	-2	-2	-2	-2	20	20	20	-20	20	20	20	20	20	20	20	-20	-20	-20	20	20	-20	-20	20	20	-2	-24	24	24	-2	-2	-2	-2	-2	-2	-2	-2	-2	-2	-2	-2	-2	-2	-2	-2	-24	24	24	-2	-2	-2	-2	37	-2	17	17	17	17	17	-2	-20	-20	-20	-20	20	20	-20	-20	-20	-20	-20	-20	-20	20	20	-20	-20	-20	-20	-20	-2
-20	-20	-20	-20	20	20	-20	-20	-20	-20	-20	-20	-20	20	20	-20	-20	-20	-20	-20	-1	-2	-24	24	24	-2	-2	-2	-2	-2	-2	-2	-2	-2	-2	-2	-2	-2	-2	-2	-2	-2	-24	24	-24	-2	-2	-20	-20	-20	-20	20	20	-20	-20	-20	-20	-20	-20	-20	20	20	-20	-20	-20	-20	-20	-2	-2	-2	-2	-2	-2	-2	-2	-2	-2	-2	-2	-2	-2	-2	-2	-2	-2	-2	-2	-2	-1	-1	-1	-1	-2	-2	-2	-2	-2	37	-2	-2	-2	-1	-2	37	-2	-1	-2	-1	-2	-2	-2	-2	-2	-2	-2	-2	-1	-2	-2	-1	-2	-2	-2	-2	-2	-20	20	-20	-20	20	20	20	20	20	20	-20	-20	-20	-20	-20	-20	-20	20	20	20	-2	24	24	24	-23	23	23	-23	-2	-2	-2	-2	-2	-2	-2	-24	24	24	-2	-2	24	24	24	-2	-2	-2	-1	-2	-1	-2	-2	-2	-2	-1	-2	-20	20	20	20	20	20	20	-20	-20	-20	20	20	20	20	20	20	-20	20	20	-20	-2
-20	20	20	20	20	20	20	-20	-20	-20	20	20	20	20	20	20	-20	20	20	-20	-2	-1	24	24	24	-2	-2	-2	-2	-2	-2	-2	-2	-2	-2	-2	-2	-2	-2	-2	-2	-2	-2	-2	-2	-2	-2	-20	20	20	20	20	20	20	-20	-20	-20	20	20	20	20	20	20	-20	20	20	-20	-24	24	24	-2	-2	-2	-24	24	24	-2	-2	-2	-2	-2	-2	-2	-2	-2	-2	-2	-2	-1	-2	-2	-2	-2	-2	-2	-2	-2	-2	-2	-2	-2	37	-2	-2	-2	-2	-1	-2	-1	-2	-1	-1	-1	-2	-1	-2	-2	-1	-2	-1	-1	-1	-2	-1	-2	-20	-20	-20	-20	-20	20	20	-20	-20	-20	-20	-20	-20	-20	-20	-20	-20	-20	20	-20	-2	-24	24	-24	23	23	23	23	-2	-2	-23	23	23	-23	-2	24	24	24	-2	-2	-24	24	-24	-2	-15	15	15	15	15	15	15	15	15	-15	-2	20	20	20	20	20	20	20	-20	-20	-20	20	20	20	20	20	-20	-20	20	20	20	-2
20	20	20	20	20	20	20	-20	-20	-20	20	20	20	20	20	-20	-20	20	20	20	-2	-1	-24	24	-24	-20	-20	-20	-20	20	20	-20	-20	-20	-20	-20	-20	-20	20	20	-20	-20	-20	-20	-20	-2	-2	20	20	20	20	20	20	20	-20	-20	-20	20	20	20	20	20	-20	-20	20	20	20	24	24	24	-2	-2	-2	24	24	24	-2	-2	-2	-2	-2	26	26	26	-26	-1	-1	-1	-2	-1	-2	-2	-15	15	15	15	15	15	15	15	15	-15	-2	-2	-1	-2	-2	-2	-2	-1	-2	-1	-2	-1	-2	-1	-1	-2	-1	-2	-1	-2	-1	-2	-1	-2	-2	-2	-2	-2	-2	-14	-14	14	14	-14	-14	-14	-14	-14	-14	-14	-14	-14	-14	-2	-2	-2	-2	23	23	23	23	-2	-2	23	23	23	23	-2	-24	24	-24	-2	-2	-2	-2	-2	-1	15	15	15	15	15	15	15	15	15	15	-1	20	20	20	20	20	20	-20	-20	-20	-20	-20	20	-20	20	20	-20	-20	-20	20	-20	-2
20	20	20	20	20	20	-20	-20	-20	-20	-20	20	-20	20	20	-20	-20	-20	20	-20	-2	-2	-1	-2	-2	-20	20	20	20	20	20	20	-20	-20	-20	20	20	20	20	20	20	-20	20	20	-20	-2	-2	20	20	20	20	20	20	-20	-20	-20	-20	-20	20	-20	20	20	-20	-20	-20	20	-20	-24	24	-24	-2	-1	-2	-24	24	-24	-23	23	23	-23	-2	-26	26	26	26	-2	-1	-2	-2	-2	-2	-2	15	15	15	15	15	15	15	15	15	15	-2	-1	-2	-2	-1	-2	-2	-2	-1	-2	-2	-2	-2	-2	-2	-2	-2	-2	-2	-2	-2	-2	-2	-1	-2	-2	-2	-2	-2	-14	14	14	14	14	36	-14	-14	36	-14	14	14	-14	-14	-2	-2	-2	-2	-23	23	23	-23	-2	-2	23	23	23	23	-2	-2	-2	-2	-2	-2	-2	-2	-2	-2	15	15	15	15	15	15	15	15	15	15	-1	-20	20	20	-20	-20	-20	-20	20	20	-20	-20	-20	-20	-20	20	20	-20	-20	-20	-20	-2
-20	20	20	-20	-20	-20	-20	20	20	-20	-20	-20	-20	-20	20	20	-20	-20	-20	-20	-2	-2	-1	-2	-2	20	20	20	20	20	20	20	-20	-20	-20	20	20	20	20	20	-20	-20	20	20	20	-2	-2	-20	20	20	-20	-20	-20	-20	20	20	-20	-20	-20	-20	-20	20	20	-20	-20	-20	-20	-2	-2	-1	-2	-2	-1	-2	-2	-2	23	23	23	23	-2	-26	-26	26	-26	-1	-2	-2	-2	-2	-2	-2	15	15	15	15	15	15	15	15	15	15	-2	-2	-2	-21	-21	21	21	21	21	-21	-21	-21	21	21	21	-21	21	21	-21	-21	-21	-21	-21	-2	-1	-1	-2	-2	-2	14	14	14	14	14	14	14	-14	-14	14	14	14	14	-14	-2	-24	24	24	-2	-2	-2	-2	-2	-2	-23	23	23	-23	-2	-20	-20	-20	-20	20	20	-20	-20	-20	-20	-20	-20	-20	20	20	-20	-20	-20	-20	-20	-20	-20	-20	-20	-20	-20	20	20	20	20	-20	-20	-20	20	20	20	20	-20	-20	-20	-2
-20	-20	-20	-20	-20	-20	20	20	20	20	-20	-20	-20	20	20	20	20	-20	-20	-20	-24	24	24	-2	-2	20	20	20	20	20	20	-20	-20	-20	-20	-20	20	-20	20	20	-20	-20	-20	20	-20	-2	-2	-20	-20	-20	-20	-20	-20	20	20	20	20	-20	-20	-20	20	20	20	20	-20	-20	-20	-2	-2	-2	-1	-2	-2	-2	-2	-2	23	23	23	23	-2	-2	-2	-1	-2	-1	-2	-23	23	23	-23	-2	-2	-2	-2	-1	-2	-2	-2	-1	-2	-2	-2	-2	-2	21	21	21	21	21	21	21	-21	-21	-21	21	21	21	21	21	21	-21	21	21	-21	-2	-2	-2	-2	-2	-2	-14	-14	-14	-14	-14	-14	-14	-14	14	14	14	14	14	14	-2	24	24	24	-2	-2	-2	-2	-2	-2	-2	-2	-2	-2	-2	-20	20	20	20	20	20	20	-20	-20	-20	20	20	20	20	20	20	-20	20	20	-20	20	20	-20	-20	-20	20	20	20	20	20	20	-20	-20	20	20	20	20	-20	-20	-20	-2
20	20	-20	-20	-20	20	20	20	20	20	20	-20	-20	20	20	20	20	-20	-20	-20	24	24	24	-1	-2	-20	20	20	-20	-20	-20	-20	20	20	-20	-20	-20	-20	-20	20	20	-20	-20	-20	-20	-2	-2	20	20	-20	-20	-20	20	20	20	20	20	20	-20	-20	20	20	20	20	-20	-20	-20	-2	-2	-1	-2	-2	-2	-1	-2	-2	-23	23	23	-23	-2	-1	-1	-1	-1	-2	-2	23	23	23	23	-2	-2	-2	-2	-2	-2	-1	-2	-1	-2	-1	-2	-2	-2	21	21	21	21	21	21	21	21	-21	-21	-21	21	21	21	21	-21	-21	21	21	21	-2	-1	-2	-1	-2	-2	-14	-14	36	14	14	14	14	-14	36	-14	-14	-14	-14	-14	-2	-24	24	-24	-2	-2	-2	-2	-2	-2	-2	-2	-2	-2	-2	20	20	20	20	20	20	20	-20	-20	-20	20	20	20	20	20	-20	-20	20	20	20	20	20	20	-20	20	20	20	20	20	20	20	-20	-20	-20	20	20	-20	-20	20	20	-2
20	20	20	-20	20	20	20	20	20	20	20	-20	-20	-20	20	20	-20	-20	20	20	-24	24	-24	-1	-2	-20	-20	-20	-20	-20	-20	20	20	20	20	-20	-20	-20	20	20	20	20	-20	-20	-20	-2	-2	20	20	20	-20	20	20	20	20	20	20	20	-20	-20	-20	20	20	-20	-20	20	20	-2	-1	-1	-23	23	23	-23	-1	-2	-2	-2	-2	-2	-2	-2	-2	-2	-2	-1	-2	23	23	23	23	-2	26	26	26	-26	-2	-2	-2	-2	-2	-2	-2	-2	-2	21	21	21	21	21	21	-21	-21	-21	-21	-21	-21	-21	21	21	21	-21	-21	21	-21	-2	-1	-1	-2	-2	-2	-14	-14	-14	-14	14	14	14	-14	-14	-14	-14	36	-14	-14	-2	-2	-2	-2	-2	-2	-2	-2	-2	-2	-2	-23	23	23	-23	20	20	20	20	20	20	-20	-20	-20	-20	-20	20	-20	20	20	-20	-20	-20	20	-20	-20	20	-20	-20	20	20	20	20	20	20	-20	-20	38	-20	-20	-20	-20	20	20	20	-2
-20	20	-20	-20	20	20	20	20	20	20	-20	-20	-20	-20	-20	-20	-20	20	20	20	-2	-2	-2	-2	-2	20	20	-20	-20	-20	20	20	20	20	20	20	-20	-20	20	20	20	20	-20	-20	-20	-2	-2	-20	20	-20	-20	20	20	20	20	20	20	-20	-20	-20	-20	-20	-20	-20	20	20	20	-2	-2	-2	23	23	23	23	-2	-2	-2	-2	-2	-2	-2	-2	-1	-2	-2	-2	-2	-23	23	23	-23	-2	-26	26	26	26	-2	-2	26	26	26	-26	-2	-2	-2	-21	21	21	-21	-21	-21	-21	21	21	21	21	-21	-21	21	21	21	21	-21	-21	-21	-2	-2	-2	-2	-20	-20	-20	-20	20	20	-20	-20	-20	-20	-20	-20	-20	20	20	-20	-20	-20	-20	-20	-2	-2	-23	23	23	-23	-2	23	23	23	23	-20	20	20	-20	-20	-20	-20	20	20	-20	-20	-20	-20	-20	20	20	-20	-20	-20	-20	-20	-20	-20	-20	-20	20	20	-20	-20	-20	-20	-20	-20	-20	-20	38	-20	-20	20	-20	-2
-20	-20	-20	-20	-20	20	20	-20	-20	-20	-20	-20	-20	-20	-20	-20	-20	-20	20	-20	-2	-2	-2	-1	-1	20	20	20	-20	20	20	20	20	20	20	20	-20	-20	-20	20	20	-20	-20	20	20	-2	-2	-20	-20	-20	-20	-20	20	20	-20	-20	-20	-20	-20	-20	-20	-20	-20	-20	-20	20	-20	-2	-1	-2	23	23	23	23	-1	-1	-2	-2	-1	-2	-1	-1	-2	-2	-2	-2	-2	-2	-2	-2	-2	-2	-26	-26	26	-26	-2	-2	-26	26	26	26	-2	-2	-2	-21	-21	-21	-21	-21	21	21	21	21	21	21	-21	-21	21	21	21	21	-21	-21	-21	-2	-1	-1	-2	-20	20	20	20	20	20	20	-20	-20	-20	20	20	20	20	20	20	-20	20	20	-20	-2	-2	23	23	23	23	-2	23	23	23	23	-20	-20	-20	-20	-20	-20	20	20	20	20	-20	-20	-20	20	20	20	20	-20	-20	-20	-20	-20	-20	-20	20	20	-20	-20	-20	-20	-20	-20	-20	20	20	-20	-20	-20	-20	-20	-2
-2	-2	-2	-20	-20	-20	-20	20	20	-20	-20	-20	-20	-20	-20	-20	20	20	-20	-20	-20	-20	-20	-2	-1	-20	20	-20	-20	20	20	20	20	20	20	-20	-20	-20	-20	-20	-20	-20	20	20	20	-2	-2	-2	-2	-2	-2	-2	-2	-2	-2	-2	-2	-2	-24	24	24	-2	-2	-2	-2	-2	-2	-1	-2	-2	-23	23	23	-23	-2	-2	-1	-2	-2	-1	-2	-2	-2	-2	-2	-2	-2	-2	-2	-2	-2	-2	-2	-2	-2	-2	-2	-2	-26	-26	26	-26	-2	-2	-2	21	21	21	-21	-21	21	21	21	21	21	21	-21	-21	-21	21	21	-21	-21	-21	-21	-2	-2	-2	-2	20	20	20	20	20	20	20	-20	-20	-20	20	20	20	20	20	-20	-20	20	20	20	-2	-2	23	23	23	23	-2	-23	23	23	-23	20	20	-20	-20	-20	20	20	20	20	20	20	-20	-20	20	20	20	20	-20	-20	-20	-20	20	20	20	20	20	20	-20	-20	-20	20	20	20	20	20	20	-20	20	20	-20	-2
-24	24	24	-20	20	20	20	20	20	20	-20	-20	-20	20	20	20	20	20	20	-20	20	20	-20	-1	-2	-20	-20	-20	-20	-20	20	20	-20	-20	-20	-20	-20	-20	-20	-20	-20	-20	-20	20	-20	-2	-2	-2	-2	-2	-2	-2	-2	-2	-2	-2	-2	-2	24	24	24	-2	-2	-2	-2	-2	-2	-2	-1	-2	-2	-2	-2	-2	-2	-2	-2	-1	-2	-2	-1	-2	-2	-2	-2	-21	-21	21	21	21	21	-21	-21	-21	21	21	21	-21	21	21	-21	-21	-21	-21	-21	21	21	-21	-21	21	21	21	21	21	21	21	-21	-21	-21	-21	-21	-21	21	21	21	-2	-2	-1	-2	20	20	20	20	20	20	-20	-20	-20	-20	-20	20	-20	20	20	-20	-20	-20	20	-20	-2	-2	-23	23	23	-23	-2	-2	-2	-2	-2	20	20	20	-20	20	20	20	20	20	20	20	-20	-20	-20	20	20	-20	-20	20	20	20	20	20	20	20	20	20	-20	-20	38	20	20	20	20	20	-20	-20	20	20	20	-2
24	24	24	20	20	20	20	20	20	20	-20	-20	-20	20	20	20	20	20	-20	-20	20	20	20	-2	-1	-2	-2	-2	-2	-2	-2	-2	-2	-2	-2	-2	-2	-2	-2	-2	-2	-2	-2	-2	-2	-1	-2	-2	-2	-1	-2	-1	-2	-1	-2	-1	-2	-1	-24	24	-24	-1	-1	-1	-2	-2	-1	-2	-2	-2	-2	-2	-2	-2	-2	26	26	26	-26	-2	-2	-2	-2	-2	-2	21	21	21	21	21	21	21	-21	-21	-21	21	21	21	21	21	21	-21	21	21	-21	-21	21	-21	-21	21	21	21	21	21	21	-21	-21	-21	-21	-21	-21	21	21	21	-21	-2	-1	-2	-2	-20	20	20	-20	-20	-20	-20	20	20	-20	-20	-20	-20	-20	20	20	-20	-20	-20	-20	-2	-2	-2	-2	-2	-2	-2	-2	-2	-2	-2	-20	20	-20	-20	20	20	20	20	20	20	-20	-20	-20	-20	-20	-20	-20	20	20	20	20	20	20	20	20	20	-20	-20	-20	-20	-20	20	-20	20	20	-20	-20	-20	20	-20	-2
-24	24	-24	20	20	20	20	20	20	-20	-20	-20	-20	-20	20	-20	20	20	-20	-20	-20	20	-20	-2	-1	-1	-1	-2	-1	-2	-1	-2	-1	-2	-2	-1	-1	-1	-1	-2	-2	-2	-1	-2	-1	-2	-1	-2	-1	-2	-1	-2	-1	-2	-1	-2	-1	-2	-1	-2	-1	-2	-2	-2	-1	-2	-1	-2	-2	-2	-23	23	23	-23	-2	-26	26	26	26	-25	25	25	25	25	25	21	21	21	21	21	21	21	21	-21	-21	-21	21	21	21	21	-21	-21	21	21	21	-21	-21	-21	-21	-21	21	21	-21	-21	-21	-21	-21	-21	-21	-21	-21	-21	21	-21	-21	-2	-2	-1	-2	-20	-20	-20	-20	-20	-20	20	20	20	20	-20	-20	-20	20	20	20	20	-20	-20	-20	-2	-2	-2	-2	-2	-2	-2	-2	-2	-2	-2	-20	-20	-20	-20	-20	20	20	-20	-20	-20	-20	-20	-20	-20	-20	-20	-20	-20	20	-20	-20	20	20	-20	-20	-20	-20	20	20	-20	-20	-20	-20	-20	20	20	-20	38	-20	-20	-2
-2	-2	-2	-20	20	20	-20	-20	-20	-20	20	20	-20	-20	-20	-20	-20	20	20	-20	-20	-20	-20	-2	-2	-1	-2	-1	-2	-1	-2	-1	-1	-1	-2	-1	-2	-2	-2	-2	-1	-1	-2	-1	-2	-1	-2	-1	-2	-24	24	24	-1	-2	-2	-2	-2	-2	-2	-2	-2	-24	24	24	-2	-2	-2	-2	-2	-2	23	23	23	23	-2	-26	-26	26	-26	25	25	25	25	25	25	21	21	21	21	21	21	-21	-21	-21	-21	-21	-21	-21	21	21	21	-21	-21	21	-21	-2	-2	-1	-2	-1	-2	-1	-2	-1	-2	-2	-1	-2	-1	-1	-2	-2	-2	-1	-2	-1	-2	-1	-2	20	20	-20	-20	-20	20	20	20	20	20	20	-20	-20	20	20	20	20	-20	-20	-20	-2	-20	-20	-20	-20	20	20	-20	-20	-20	-20	-20	-20	-20	20	20	-20	-20	-20	-20	-20	-2	-2	-2	-2	-2	-2	-2	-2	-2	-2	-20	-20	-20	-20	-20	-20	20	20	20	20	-20	-20	-20	20	20	20	20	-20	-20	-20	-2
-2	-2	-2	-20	-20	-20	-20	-20	-20	20	20	20	20	-20	-20	-20	20	20	20	20	-20	-20	-20	-2	-2	-2	-2	-2	-2	-2	-2	-2	-2	-2	-2	-2	-2	-2	-2	-2	-2	-2	-2	-2	-2	-1	-2	-2	-2	24	24	24	-2	-2	-2	-2	-2	-2	-2	-2	-2	24	24	24	-2	-2	-2	-2	-2	-2	23	23	23	23	-2	-2	-2	-2	-2	-25	25	25	25	25	-25	-21	21	21	-21	-21	-21	-21	21	21	21	21	-21	-21	21	21	21	21	-21	-21	-21	-2	-1	-2	-2	-1	-1	-2	-2	-2	-1	-2	-2	-1	-2	-2	-1	-2	-1	-2	-2	-2	-2	-2	-1	20	20	20	-20	20	20	20	20	20	20	20	-20	-20	-20	20	20	-20	-20	20	20	-2	-20	20	20	20	20	20	20	-20	-20	-20	20	20	20	20	20	20	-20	20	20	-20	-2	-24	24	24	-2	-24	24	24	-2	-2	20	20	-20	-20	-20	20	20	20	20	20	20	-20	38	20	20	20	20	-20	-20	-20	-2
-24	24	24	20	20	-20	-20	-20	20	20	20	20	20	20	-20	-20	20	20	20	20	-20	-20	-20	-20	-20	-20	-20	20	20	-20	-20	-20	-20	-20	-20	-20	20	20	-20	-20	-20	-20	-20	-2	-1	-1	-2	-2	-2	-24	24	-24	-2	-2	-2	-2	-2	-2	-2	-2	-2	-24	24	-24	-2	-2	-2	-2	-2	-2	-23	23	23	-23	-2	-2	-2	-2	-2	-25	-25	25	25	-25	-25	-21	-21	-21	-21	-21	21	21	21	21	21	21	-21	-21	21	21	21	21	-21	-21	-21	-1	-2	-21	-21	21	21	21	21	-21	-21	-21	21	21	21	-21	21	21	-21	-21	-21	-21	-21	-1	-2	-20	20	-20	-20	20	20	20	20	20	20	-20	-20	-20	-20	-20	-20	-20	20	20	20	-2	20	20	20	20	20	20	20	-20	-20	-20	20	20	20	20	20	-20	-20	20	20	20	-2	24	24	24	-2	24	24	24	-2	-2	20	20	20	-20	20	20	20	20	20	20	20	-20	-20	-20	20	20	-20	-20	20	20	-2
24	24	24	20	20	20	-20	20	20	20	20	20	20	20	-20	-20	-20	20	20	-20	-20	20	20	-20	20	20	20	20	20	20	-20	-20	-20	20	20	20	20	20	20	-20	20	20	-20	-2	-2	-2	-2	-20	-20	-20	-20	20	20	-20	-20	-20	-20	-20	-20	-20	20	20	-20	-20	-20	-20	-20	-24	24	24	-2	-2	-2	-2	26	26	26	-26	-2	-25	-25	25	25	-25	-25	21	21	21	-21	-21	21	21	21	21	21	21	-21	-21	-21	21	21	-21	-21	-21	-21	-2	-2	21	21	21	21	21	21	21	-21	-21	-21	21	21	21	21	21	21	-21	21	21	-21	-2	-1	-20	-20	-20	-20	-20	20	20	-20	-20	-20	-20	-20	-20	-20	-20	-20	-20	-20	20	-20	-2	20	20	20	20	20	20	-20	-20	-20	-20	-20	20	-20	20	20	-20	-20	-20	20	-20	-2	-24	24	-24	-2	-24	24	-24	-2	-2	-20	20	-20	-20	20	20	20	20	20	20	-20	-20	-20	-20	-20	-20	-20	20	20	20	-2
-24	24	-24	-20	20	-20	-20	20	20	20	20	20	20	-20	-20	-20	-20	-20	-20	-20	20	20	20	20	20	20	20	20	20	20	-20	-20	-20	20	20	20	20	20	-20	-20	20	20	20	-2	-1	-2	-2	-20	20	20	20	20	20	20	-20	-20	-20	20	20	20	20	20	20	-20	20	20	-20	24	24	24	-2	-2	-2	-2	-26	26	26	26	-2	-2	-2	-2	-2	-2	-2	21	21	-21	-21	21	21	21	21	21	21	21	-21	-21	-21	-21	-21	-21	21	21	21	-2	-1	21	21	21	21	21	21	21	21	-21	-21	-21	21	21	21	21	-21	-21	21	21	21	-2	-1	-2	-2	-2	-2	-2	-2	-2	-25	25	25	25	25	25	-2	-2	-24	24	24	-2	-2	-2	-20	20	20	-20	-20	-20	-20	20	20	-20	-20	-20	-20	-20	20	20	-20	-20	-20	-20	-2	-2	-2	-2	-2	-2	-2	-2	-2	-2	-20	-20	-20	-20	-20	20	20	-20	-20	-20	-20	-20	-20	-20	-20	-20	-20	-20	20	-20	-2
-2	-2	-2	-20	-20	-20	-20	-20	20	20	-20	-20	-20	-20	-20	-20	-20	-20	-20	-20	-20	20	-20	20	20	20	20	20	20	-20	-20	-20	-20	-20	20	-20	20	20	-20	-20	-20	20	-20	-2	-2	-2	-2	20	20	20	20	20	20	20	-20	-20	-20	20	20	20	20	20	-20	-20	20	20	20	-24	24	-24	-2	-2	-2	-2	-26	-26	26	-26	-2	-2	-2	-2	-2	-2	-2	-21	21	-21	-21	21	21	21	21	21	21	-21	-21	-21	-21	-21	-21	21	21	21	-21	-1	-2	21	21	21	21	21	21	-21	-21	-21	-21	-21	-21	-21	21	21	21	-21	-21	21	-21	-1	-2	-2	-2	-2	-2	-2	-2	-2	25	25	25	25	25	25	-2	-2	24	24	24	-2	-2	-2	-20	-20	-20	-20	-20	-20	20	20	20	20	-20	-20	-20	20	20	20	20	-20	-20	-20	-2	-2	-2	-2	-20	-20	-20	-20	20	20	-20	-20	-20	-20	-20	-20	-20	20	20	-20	-20	-20	-20	-20	-2	-2	-2	-2	-2	-2	-2
-20	-20	-20	-20	20	20	-20	-20	-20	-20	-20	-20	-20	20	20	-20	-20	-20	-20	-20	-2	-2	-2	-20	20	20	-20	-20	-20	-20	20	20	-20	-20	-20	-20	-20	20	20	-20	-20	-20	-20	-2	-1	-2	-2	20	20	20	20	20	20	-20	-20	-20	-20	-20	20	-20	20	20	-20	-20	-20	20	-20	-2	-2	-2	-2	-2	-2	-2	-2	-2	-2	-2	-2	-2	-2	-2	-2	-2	-2	-21	-21	-21	-21	-21	21	21	-21	-21	-21	-21	-21	-21	-21	-21	-21	-21	21	-21	-21	-2	-1	-21	21	21	-21	-21	-21	-21	21	21	21	21	-21	-21	21	21	21	21	-21	-21	-21	-2	-1	-1	-1	-2	-2	-2	-2	-2	-25	25	25	25	25	-25	-2	-2	-24	24	-24	-2	-2	-2	20	20	-20	-20	-20	20	20	20	20	20	20	38	-20	20	20	20	20	-20	-20	-20	-24	24	24	-2	-20	20	20	20	20	20	20	-20	-20	-20	20	20	20	20	20	20	-20	20	20	-20	-2	-2	-2	-2	-2	-2	-2
-20	20	20	20	20	20	20	-20	-20	-20	20	20	20	20	20	20	-20	20	20	-20	-2	-2	-2	-20	-20	-20	-20	-20	-20	20	20	20	20	-20	-20	-20	20	20	20	20	-20	-20	-20	-2	-2	-2	-2	-20	20	20	-20	-20	-20	-20	20	20	-20	-20	-20	-20	-20	20	20	-20	-20	-20	-20	-2	-2	-2	-21	-21	21	21	21	21	-21	-21	-21	21	21	21	-21	21	21	-21	-21	-21	-21	-21	-2	-2	-2	-2	-2	-2	-2	-2	-2	-2	-2	-2	-2	-2	-2	-2	-2	-21	-21	-21	-21	-21	21	21	21	21	21	21	-21	-21	21	21	21	21	-21	-21	-21	-2	-2	-1	-2	-1	-2	-1	-2	-2	-25	-25	25	25	-25	-25	-2	-2	-2	-2	-24	24	24	-2	20	20	20	-20	20	20	20	20	20	20	20	-20	-20	-20	20	20	-20	-20	20	20	24	24	24	-2	20	20	20	20	20	20	20	-20	-20	-20	20	20	20	20	20	-20	-20	20	20	20	-2	-24	24	24	-2	-2	-2
20	20	20	20	20	20	20	-20	-20	-20	20	20	20	20	20	-20	-20	20	20	20	-2	-2	-2	20	20	-20	-20	-20	20	20	20	20	20	20	-20	-20	20	20	20	20	-20	-20	-20	-2	-1	-1	-2	-20	-20	-20	-20	-20	-20	20	20	20	20	-20	-20	-20	20	20	20	20	-20	-20	-20	-2	-2	-2	21	21	21	21	21	21	21	-21	-21	-21	21	21	21	21	21	21	-21	21	21	-21	-25	25	25	25	25	25	-2	26	26	26	-26	-2	-2	-1	-1	-1	-2	21	21	21	-21	-21	21	21	21	21	21	21	-21	-21	-21	21	21	-21	-21	-21	-21	-25	25	25	25	25	25	-2	-2	-1	-25	-25	25	25	-25	-25	-2	-2	-2	-2	24	24	24	-2	-20	20	-20	-20	20	20	20	20	20	20	-20	38	38	-20	-20	-20	-20	20	20	20	-24	24	-24	-2	20	20	20	20	20	20	-20	-20	-20	-20	-20	20	-20	20	20	-20	-20	-20	20	-20	-2	24	24	24	-2	-2	-2
20	20	20	20	20	20	-20	-20	-20	-20	-20	20	-20	20	20	-20	-20	-20	20	-20	-24	24	24	20	20	20	-20	20	20	20	20	20	20	20	-20	-20	-20	20	20	-20	-20	20	20	-2	-2	-1	-2	20	20	-20	-20	-20	20	20	20	20	20	20	-20	-20	20	20	20	20	-20	-20	-20	-2	-2	-2	21	21	21	21	21	21	21	21	-21	-21	-21	21	21	21	21	-21	-21	21	21	21	25	25	25	25	25	25	-2	-26	26	26	26	-1	-1	-2	-2	-2	-2	21	21	-21	-21	21	21	21	21	21	21	21	-21	-21	-21	-21	-21	-21	21	21	21	25	25	25	25	25	25	-2	-1	-2	-1	-2	-1	-2	-2	-1	-2	-1	-2	-2	-24	24	-24	-2	-20	-20	-20	-20	-20	20	20	-20	-20	-20	-20	-20	-20	-20	-20	-20	-20	-20	20	-20	-2	-2	-2	-2	-20	20	20	-20	-20	-20	-20	20	20	-20	-20	-20	-20	-20	20	20	-20	-20	-20	-20	-2	-24	24	-24	-2	-2	-2
-20	20	20	-20	-20	-20	-20	20	20	-20	-20	-20	-20	-20	20	20	-20	-20	-20	-20	24	24	24	-20	20	-20	-20	20	20	20	20	20	20	-20	-20	-20	-20	-20	-20	-20	20	20	20	-2	-1	-2	-2	20	20	20	-20	20	20	20	20	20	20	20	-20	-20	-20	20	20	-20	-20	20	20	-2	-2	-2	21	21	21	21	21	21	-21	-21	-21	-21	-21	-21	-21	21	21	21	-21	-21	21	-21	-25	25	25	25	25	-25	-2	-26	-26	26	-26	-1	-2	-2	-2	-2	-2	-21	21	-21	-21	21	21	21	21	21	21	-21	-21	-21	-21	-21	-21	21	21	21	-21	-25	25	25	25	25	-25	-2	26	26	26	-26	-2	-2	-1	-2	-1	-2	-2	-20	-20	-20	-20	20	20	-20	-20	-20	-20	-20	-20	-20	20	20	-20	-20	-20	-20	-20	-2	-2	-2	-2	-2	-2	-2	-2	-2	-20	-20	-20	-20	-20	-20	20	20	20	20	-20	-20	-20	20	20	20	20	-20	-20	-20	-2	-24	24	24	-2	-2	-2
-20	-20	-20	-20	-20	-20	20	20	20	20	-20	-20	-20	20	20	20	20	-20	-20	-20	-24	24	-24	-20	-20	-20	-20	-20	20	20	-20	-20	-20	-20	-20	-20	-20	-20	-20	-20	-20	20	-20	-2	-1	-2	-2	-20	20	-20	-20	20	20	20	20	20	20	-20	-20	-20	-20	-20	-20	-20	20	20	20	-2	-2	-2	-21	21	21	-21	-21	-21	-21	21	21	21	21	-21	-21	21	21	21	21	-21	-21	-21	-25	-25	25	25	-25	-25	-2	-2	-2	-2	-1	-2	-2	-2	-2	-2	-2	-21	-21	-21	-21	-21	21	21	-21	-21	-21	-21	-21	-21	-21	-21	-21	-21	21	-21	-21	-25	-25	25	25	-25	-25	-2	-26	26	26	26	-2	-2	-2	-2	-2	-1	-2	-20	20	20	20	20	20	20	-20	-20	-20	20	20	20	20	20	20	-20	20	20	-20	-2	-2	-24	24	24	-2	-2	-2	-2	20	20	-20	-20	-20	20	20	20	20	20	20	-20	-20	20	20	20	20	-20	-20	-20	-2	24	24	24	-2	-2	-2
20	20	-20	-20	-20	20	20	20	20	20	20	38	-20	20	20	20	20	-20	-20	-20	-23	23	23	-23	-2	-2	-2	-2	-2	-2	-2	-2	-2	-2	-2	-1	-2	-2	-2	-2	-2	-2	-2	-2	-2	-1	-2	-20	-20	-20	-20	-20	20	20	-20	-20	-20	-20	-20	-20	-20	-20	-20	-20	-20	20	-20	-2	-2	-2	-21	-21	-21	-21	-21	21	21	21	21	21	21	-21	-21	21	21	21	21	-21	-21	-21	-25	-25	25	25	-25	-25	-2	-2	-2	-2	-2	-2	-2	22	22	22	22	22	-22	-22	-22	-22	-22	22	22	22	22	22	-22	-22	-22	-22	-22	-2	-2	-2	-2	-25	-25	25	25	-25	-25	-2	-26	-26	26	-26	-2	-2	-2	-2	-2	-2	-2	20	20	20	20	20	20	20	-20	-20	-20	20	20	20	20	20	-20	-20	20	20	20	-2	-2	24	24	24	-2	-2	-2	-2	20	20	20	-20	20	20	20	20	20	20	20	-20	-20	-20	20	20	-20	-20	20	20	-2	-24	24	-24	-2	-2	-2
20	20	20	-20	20	20	20	20	20	20	20	-20	-20	-20	20	20	-20	-20	20	20	23	23	23	23	-20	-20	-20	-20	20	20	-20	-20	-20	-20	-20	-20	-20	20	20	-20	-20	-20	-20	-20	-2	-2	-2	-2	-2	-2	-21	-21	21	21	21	21	-21	-21	-21	21	21	21	-21	21	21	-21	-21	-21	-21	-21	21	21	21	-21	-21	21	21	21	21	21	21	-21	-21	-21	21	21	-21	-21	-21	-21	-2	-2	-2	-25	25	25	25	25	25	-2	-2	-1	-2	22	22	22	22	22	22	-22	-22	22	22	22	22	22	22	22	-22	-22	22	22	22	-2	-2	-2	-2	-2	-2	-2	-2	-2	-2	-2	-2	-2	-2	-2	-2	-2	-2	-2	-2	-2	-2	20	20	20	20	20	20	-20	-20	-20	-20	-20	20	-20	20	20	-20	-20	-20	20	-20	-2	-2	-24	24	-24	-2	-24	24	24	-20	20	-20	-20	20	20	20	20	20	20	-20	-20	-20	-20	38	-20	-20	20	20	20	-2	-2	-2	-2	-2	-2	-2
-20	20	-20	-20	20	20	20	20	20	20	-20	38	-20	-20	-20	-20	-20	20	20	20	23	23	23	23	-20	20	20	20	20	20	20	-20	-20	-20	20	20	20	20	20	20	-20	20	20	-20	-2	-1	-1	-2	-2	-2	21	21	21	21	21	21	21	-21	-21	-21	21	21	21	21	21	21	-21	21	21	-21	21	21	-21	-21	21	21	21	21	21	21	21	-21	-21	-21	-21	-21	-21	21	21	21	-2	-2	-2	25	25	25	25	25	25	-2	-1	-2	-2	-22	22	22	22	22	-22	-22	22	22	22	22	22	22	22	-22	-22	22	22	22	-22	-21	-21	21	21	21	21	-21	-21	-21	21	21	21	-21	21	21	-21	-21	-21	-21	-21	-1	-2	-20	20	20	-20	-20	-20	-20	20	20	-20	-20	-20	-20	-20	20	20	-20	-20	-20	-20	-2	-2	-2	-2	-2	-2	24	24	24	-20	-20	-20	-20	-20	20	20	-20	-20	-20	-20	-20	-20	-20	-20	-20	38	-20	20	-20	-2	-2	-2	-2	-2	-2	-2
-20	-20	-20	-20	-20	20	20	-20	-20	-20	-20	-20	-20	38	-20	-20	-20	-20	20	-20	-23	23	23	-23	20	20	20	20	20	20	20	-20	-20	-20	20	20	20	20	20	-20	-20	20	20	20	-2	-2	-2	-2	-2	-2	21	21	21	21	21	21	21	21	-21	-21	-21	21	21	21	21	-21	-21	21	21	21	-21	21	-21	-21	21	21	21	21	21	21	-21	-21	-21	-21	-21	-21	21	21	21	-21	-2	-2	-2	-25	25	25	25	25	-25	-2	-2	-2	-2	22	22	22	22	-22	-22	-22	-22	22	-22	-22	22	22	-22	-22	-22	-22	22	-22	-22	21	21	21	21	21	21	21	-21	-21	-21	21	21	21	21	21	21	-21	21	21	-21	-2	-2	-20	-20	-20	-20	-20	-20	20	20	20	20	-20	-20	-20	20	20	20	20	-20	-20	-20	-2	-2	-2	-2	-2	-2	-24	24	-24	-2	-2	-2	-2	-2	-20	-20	-20	-20	20	20	-20	-20	38	-20	-20	-20	-20	20	20	-20	-20	-20	-20	-20	-2	-2
-2	-2	-2	-2	-23	23	23	-23	-2	38	-2	-2	-23	23	23	-23	-2	-23	23	23	-23	-2	-2	-2	20	20	20	20	20	20	-20	-20	-20	-20	-20	20	-20	20	20	-20	-20	-20	20	-20	-2	-2	-1	-1	-2	-2	21	21	21	21	21	21	-21	-21	-21	-21	-21	-21	-21	21	21	21	-21	-21	21	-21	-21	-21	-21	-21	-21	21	21	-21	-21	-21	-21	-21	-21	-21	-21	-21	-21	21	-21	-21	-2	-2	-2	-25	-25	25	25	-25	-25	-2	-2	-1	-2	-22	22	22	22	-22	-22	-22	-22	-22	-22	-22	22	22	-22	-22	-22	-22	-22	-22	-22	21	21	21	21	21	21	21	21	-21	-21	-21	21	21	21	21	-21	-21	21	21	21	-1	-1	20	20	-20	-20	-20	20	20	20	20	20	20	-20	-20	20	20	20	20	-20	-20	-20	-2	-2	-23	23	23	-23	-2	-2	-2	-2	-2	-2	-2	-2	-20	20	20	20	20	20	20	-20	-20	-20	20	20	20	20	20	20	-20	20	20	-20	-2	-2
-23	23	23	-23	23	23	23	23	-2	-2	-2	-2	23	23	23	23	-2	23	23	23	23	-24	24	24	-20	20	20	-20	-20	-20	-20	20	20	-20	-20	-20	-20	-20	20	20	-20	-20	-20	-20	-2	-2	-2	-2	-1	-2	-21	21	21	-21	-21	-21	-21	21	21	21	21	-21	-21	21	21	21	21	-21	-21	-21	-2	-2	26	26	26	-26	-2	-2	-2	-2	-2	-2	-2	-2	-2	-2	-2	-2	-2	-2	-2	-2	-2	-25	-25	25	25	-25	-25	-2	-2	-2	-2	-22	-22	22	-22	-22	22	22	22	22	22	-22	-22	-22	-22	22	22	22	22	22	-22	21	21	21	21	21	21	-21	-21	-21	-21	-21	-21	-21	21	21	21	-21	-21	21	-21	-2	-2	20	20	20	-20	20	20	20	20	20	20	20	-20	-20	-20	20	20	-20	-20	20	20	-2	-2	23	23	23	23	-2	-2	-2	-2	-2	-2	-2	-2	20	20	20	20	20	20	20	-20	-20	-20	20	20	20	20	20	-20	-20	20	20	20	-2	-2
23	23	23	23	23	23	23	23	-23	23	23	-23	23	23	23	23	-2	23	23	23	23	24	24	24	-20	-20	-20	-20	-20	-20	20	20	20	20	-20	-20	-20	20	20	20	20	-20	-20	-20	-2	-2	-2	-1	-2	-2	-21	-21	-21	-21	-21	21	21	21	21	21	21	-21	-21	21	21	21	21	-21	-21	-21	-2	-2	-26	26	26	26	-2	-2	-2	-2	-2	-2	22	22	22	22	22	-22	-22	-22	-22	-22	22	22	22	22	22	-22	-22	-22	-22	-22	-1	-22	-22	-22	-22	22	22	22	22	22	22	22	22	-22	22	22	22	22	22	22	-22	-21	21	21	-21	-21	-21	-21	21	21	21	21	-21	-21	21	21	21	21	-21	-21	-21	-2	-1	-20	20	-20	-20	20	20	20	20	20	20	-20	-20	-20	-20	-20	-20	-20	20	20	20	-2	-2	23	23	23	23	-2	-2	-2	-2	-24	24	24	-2	20	20	20	20	20	20	-20	-20	-20	-20	-20	20	-20	20	20	-20	-20	-20	20	-20	-2	-2
23	23	23	23	-23	23	23	-23	23	23	23	23	-23	23	23	-23	-2	-23	23	23	-23	-24	24	-24	20	20	-20	-20	-20	20	20	20	20	20	20	-20	-20	20	20	20	20	-20	-20	-20	-2	-2	-2	-1	-2	-2	21	21	21	-21	-21	21	21	21	21	21	21	-21	-21	-21	21	21	-21	-21	-21	-21	-2	-2	-26	-26	26	-26	-25	25	25	25	25	25	22	22	22	22	22	22	-22	-22	22	22	22	22	22	22	22	-22	-22	22	22	22	-2	22	22	22	-22	-22	22	22	22	22	22	22	-22	-22	-22	22	22	22	22	22	22	-21	-21	-21	-21	-21	21	21	21	21	21	21	38	-21	21	21	21	21	-21	-21	-21	-1	-1	-20	-20	-20	-20	-20	20	20	-20	-20	-20	-20	-20	-20	-20	-20	-20	-20	-20	20	-20	-2	-2	-23	23	23	-23	-2	-2	-2	-2	24	24	24	-2	-20	20	20	-20	-20	-20	-20	20	20	-20	-20	-20	-20	-20	20	20	-20	-20	-20	-20	-2	-2
-23	23	23	-23	-23	23	23	-23	23	23	23	23	-2	-2	-23	23	23	-23	-24	24	24	-2	-2	-2	20	20	20	-20	20	20	20	20	20	20	20	-20	-20	-20	20	20	-20	-20	20	20	-2	-2	-2	-1	-2	-2	21	21	-21	-21	21	21	21	21	21	21	21	-21	-21	-21	-21	-21	-21	21	21	21	-2	-2	-2	-2	-2	-2	25	25	25	25	25	25	-22	22	22	22	22	-22	-22	22	22	22	22	22	22	22	-22	-22	22	22	22	-22	-2	-22	22	22	22	-22	-22	22	22	-22	22	-22	-22	-22	-22	-22	22	22	-22	22	-22	21	21	21	-21	-21	21	21	21	21	21	21	-21	-21	-21	21	21	-21	-21	-21	-21	-2	-1	-2	-2	-2	-2	-2	-2	-2	-2	-2	-2	-2	-2	-2	-2	-2	-25	25	25	25	25	25	-2	-2	-2	-2	-2	-2	-2	-2	-2	-24	24	-24	-2	-20	-20	-20	-20	-20	-20	20	20	20	20	-20	-20	-20	20	20	20	20	-20	-20	-20	-2	-2
-2	-24	24	24	23	23	23	23	-23	23	23	-23	-2	-2	23	23	23	23	24	24	24	-24	24	24	-20	20	-20	-20	20	20	20	20	20	20	-20	-20	-20	-20	-20	-20	-20	20	20	20	-2	-2	-1	-2	-2	-2	-21	21	-21	-21	21	21	21	21	21	21	-21	-21	-21	-21	-21	-21	21	21	21	-21	-2	-2	-2	-2	-2	-2	-25	25	25	25	25	-25	22	22	22	22	-22	-22	-22	-22	22	-22	-22	22	22	-22	-22	-22	-22	22	-22	-22	-1	-22	-22	22	-22	-22	-22	22	22	-22	-22	-22	-22	-22	-22	-22	22	22	-22	-22	-22	21	21	-21	-21	21	21	21	21	21	21	21	-21	38	-21	-21	-21	-21	21	21	21	-2	-2	-1	-2	-2	-2	-2	-2	-2	-2	-2	-2	-2	-2	-2	-2	-2	25	25	25	25	25	25	-2	-2	-2	-2	-23	23	23	-23	-2	-2	-2	-2	-2	20	20	-20	-20	-20	20	20	20	20	20	20	-20	-20	20	20	20	20	-20	-20	-20	-2	-2
-2	24	24	24	23	23	23	23	-2	-2	-2	-2	-2	-2	23	23	23	23	-24	24	-24	24	24	24	-20	-20	-20	-20	-20	20	20	-20	-20	-20	-20	-20	-20	-20	-20	-20	-20	-20	20	-20	-1	-1	-2	-2	-2	-2	-21	-21	-21	-21	-21	21	21	-21	-21	-21	-21	-21	-21	-21	-21	-21	-21	21	-21	-21	-25	25	25	25	25	25	-25	-25	25	25	-25	-25	-22	22	22	22	-22	-22	-22	-22	-22	-22	-22	22	22	-22	-22	-22	-22	-22	-22	-22	-2	-2	-2	-2	-2	-2	-2	-2	-2	-2	-2	-2	-2	-2	-2	-2	-2	-2	-2	-2	-2	-21	21	-21	-21	21	21	21	21	21	21	-21	38	-21	-21	-21	-21	21	21	21	-21	-2	-2	-2	-1	-2	-1	-2	-1	-1	-2	-1	-1	-2	-1	-2	-2	-2	-25	25	25	25	25	-25	-2	-2	-2	-2	23	23	23	23	-2	-2	-2	-2	-2	20	20	20	-20	20	20	20	20	20	20	20	-20	-20	-20	20	20	-20	-20	20	20	-2	-2
-2	-24	24	-24	-23	23	23	-23	-2	-2	-2	-2	-2	-2	-23	23	23	-23	-2	-2	-2	-24	24	-24	-2	-2	-2	-2	-2	-2	-2	-2	-2	-2	-2	-2	-2	-2	-2	-2	-2	-2	-2	-2	-1	-2	-21	-21	21	21	21	21	-21	-21	-21	21	21	21	-21	21	21	-21	-21	-21	-21	-21	-2	-2	-2	-2	25	25	25	25	25	25	-25	-25	25	25	-25	-25	-22	-22	22	-22	-22	22	22	22	22	22	-22	-22	-22	-22	22	22	22	22	22	-22	-2	-1	-2	-2	-2	-2	-1	-2	-2	-2	-1	-2	-2	-2	-2	-2	-2	-2	-2	-2	-2	-21	-21	-21	-21	-21	21	21	-21	-21	-21	-21	-21	-21	-21	-21	-21	-21	21	-21	-21	-2	-2	-1	-2	-1	-1	-2	-1	-2	-2	-1	-2	-1	-2	-1	-1	-1	-25	-25	25	25	-25	-25	-2	-2	-2	-2	23	23	23	23	-2	-2	-2	-2	-2	-20	20	-20	-20	20	20	20	20	20	20	-20	-20	-20	-20	38	-20	-20	20	20	20	-2	-2
-20	-20	-20	-20	20	20	-20	-20	-20	-20	-20	-20	-20	20	20	-20	-20	-20	-20	-20	-20	-20	-20	-20	20	20	-20	-20	-20	-20	-20	-20	-20	20	20	-20	-20	-20	-20	-20	-2	-2	-2	-1	-2	-2	21	21	21	21	21	21	21	-21	-21	-21	21	21	21	21	21	21	-21	21	21	-21	-2	-2	-2	-2	-25	25	25	25	25	-25	-2	-2	-2	-2	-2	-2	-22	-22	-22	-22	22	22	22	22	22	22	22	22	-22	22	22	22	22	22	22	-22	-2	-2	-2	-2	-1	-2	-2	-1	-1	-1	-2	-1	-2	-2	-2	-2	22	22	22	22	22	-22	-22	-22	-22	-22	22	22	22	22	22	-22	-22	-22	-22	-22	-2	-2	-2	-2	-2	-2	-2	-2	-2	-2	-2	-2	-2	-2	-2	-2	-2	-2	-2	-2	-2	-1	-25	-25	25	25	-25	-25	-2	-2	-2	-2	-23	23	23	-23	-2	-2	-2	-2	-2	-20	-20	-20	-20	-20	20	20	-20	-20	-20	-20	-20	-20	-20	-20	-20	38	-20	20	-20	-2	-2
-20	20	20	20	20	20	20	-20	-20	-20	20	20	20	20	20	20	-20	20	20	-20	-20	20	20	20	20	20	20	-20	-20	-20	20	20	20	20	20	20	-20	20	20	-20	-2	-2	-1	-2	-2	-2	21	21	21	21	21	21	21	21	-21	-21	-21	21	21	21	21	-21	-21	21	21	21	-2	-2	-2	-2	-25	-25	25	25	-25	-25	-2	26	26	26	-26	-2	22	22	22	-22	-22	22	22	22	22	22	22	-22	-22	-22	22	22	22	22	22	22	-2	-2	-2	-1	-2	-2	-2	-2	-2	-2	-2	-2	-1	-2	-2	-2	22	22	22	22	22	22	-22	-22	22	22	22	22	22	22	22	-22	-22	22	22	22	-2	-2	-2	-2	-2	-2	-2	-2	-2	-2	-2	-2	-2	-2	-2	-2	-2	-2	-2	-2	-2	-2	-1	-1	-2	-2	-2	-2	-23	23	23	-23	-2	-2	-2	-2	-2	-2	-2	-2	-20	-20	-20	-20	20	20	-20	-20	-20	-20	-20	-20	-20	20	20	-20	38	-20	-20	-20	-2	-2	-2
20	20	20	20	20	20	20	-20	-20	-20	20	20	20	20	20	-20	-20	20	20	20	20	20	20	20	20	20	20	-20	-20	-20	20	20	20	20	20	-20	-20	20	20	20	-2	-1	-2	-1	-2	-2	21	21	21	21	21	21	-21	-21	-21	-21	-21	-21	-21	21	21	21	-21	-21	21	-21	-2	-2	-2	-2	-25	-25	25	25	-25	-25	-2	-26	26	26	26	-2	-22	22	22	22	-22	-22	22	22	-22	22	-22	-22	-22	-22	-22	22	22	-22	22	-22	-2	-2	-2	-2	-2	-2	-2	-2	-2	-2	-2	-2	-2	-2	-1	-2	-22	22	22	22	22	-22	-22	22	22	22	22	22	22	22	-22	-22	22	22	22	-22	-21	-21	21	21	21	21	-21	-21	-21	21	21	21	-21	21	21	-21	-21	-21	-21	-21	-2	-2	-1	-2	-2	-2	-2	-2	23	23	23	23	-2	-2	-2	-2	-2	-2	-2	-2	-20	20	20	20	20	20	20	-20	-20	-20	20	20	20	20	20	20	-20	20	20	-20	-2	-2	-2
20	20	20	20	20	20	-20	-20	-20	-20	-20	20	-20	20	20	-20	-20	-20	20	-20	20	20	20	20	20	20	-20	-20	-20	-20	-20	20	-20	20	20	-20	-20	-20	20	-20	-2	-2	-1	-2	-2	-2	-21	21	21	-21	-21	-21	-21	21	21	21	21	-21	-21	21	21	21	21	-21	-21	-21	-2	-2	-2	-2	-2	-2	-2	-2	-2	-2	-2	-26	-26	26	-26	-2	-22	-22	22	-22	-22	-22	22	22	-22	-22	-22	-22	-22	-22	-22	22	22	-22	-22	-22	-2	-2	-2	-2	-2	-2	-2	-2	-2	-2	-2	-2	-2	-2	-1	-2	22	22	22	22	-22	-22	-22	-22	22	-22	-22	22	22	-22	-22	-22	-22	22	-22	-22	21	21	21	21	21	21	21	-21	-21	-21	21	21	21	21	21	21	-21	21	21	-21	-2	-2	-2	-1	-1	-2	-2	-2	23	23	23	23	-2	-2	-2	-23	23	23	-23	-2	20	20	20	20	20	20	20	-20	-20	-20	20	20	20	20	20	-20	-20	20	20	20	-2	-2	-2
-20	20	20	-20	-20	-20	-20	20	20	-20	-20	-20	-20	-20	20	20	-20	-20	-20	-20	-20	20	20	-20	-20	-20	-20	20	20	-20	-20	-20	-20	-20	20	20	-20	-20	-20	-20	-2	-2	-2	-2	-2	-2	-21	-21	-21	-21	-21	21	21	21	21	21	21	-21	-21	21	21	21	21	-21	-21	-21	-2	22	22	22	22	22	-22	-22	-22	-22	-22	22	22	22	22	22	-22	-22	-22	-22	-22	-2	-2	13	13	13	13	13	13	13	13	13	13	13	13	13	13	13	13	13	13	13	13	13	13	13	13	13	-2	-1	-2	-2	-22	22	22	22	-22	-22	-22	-22	-22	-22	-22	22	22	-22	-22	-22	-22	-22	-22	-22	21	21	21	21	21	21	21	21	-21	-21	-21	21	21	21	21	-21	-21	21	21	21	-2	-2	-2	-2	-2	-1	-2	-2	-23	23	23	-23	-2	-2	-2	23	23	23	23	-2	20	20	20	20	20	20	-20	-20	-20	-20	-20	20	-20	20	20	-20	-20	-20	20	-20	-2	-2	-2
-20	-20	-20	-20	-20	-20	20	20	20	20	-20	-20	-20	20	20	20	20	-20	-20	-20	-20	-20	-20	-20	-20	-20	20	20	20	20	-20	-20	-20	20	20	20	20	-20	-20	-20	-2	-1	-1	-2	-2	-2	21	21	21	-21	-21	21	21	21	21	21	21	-21	-21	-21	21	21	-21	-21	-21	-21	-2	22	22	22	22	22	22	-22	-22	22	22	22	22	22	22	22	-22	-22	22	22	22	-2	-2	13	-13	-13	-13	-13	-13	-13	-13	13	13	13	13	13	13	13	13	-13	-13	-13	-13	-13	-13	-13	-13	13	-2	-2	-1	-2	-22	-22	22	-22	-22	22	22	22	22	22	-22	-22	-22	-22	22	22	22	22	22	-22	21	21	21	21	21	21	-21	-21	-21	-21	-21	-21	-21	21	21	21	-21	-21	21	-21	-2	-2	-2	-2	-2	-2	26	26	26	-26	-2	-2	-2	-2	-2	23	23	23	23	-2	-20	20	20	-20	-20	-20	-20	20	20	-20	-20	-20	-20	-20	20	20	-20	-20	-20	-20	-2	-2	-2
20	20	-20	-20	-20	20	20	20	20	20	20	-20	-20	20	20	20	20	-20	-20	-20	20	20	-20	-20	-20	20	20	20	20	20	20	-20	-20	20	20	20	20	-20	-20	-20	-2	-2	-2	-1	-2	-2	21	21	-21	-21	21	21	21	21	21	21	21	-21	-21	-21	-21	-21	-21	21	21	21	-2	-22	22	22	22	22	-22	-22	22	22	22	22	22	22	22	-22	-22	22	22	22	-22	-2	-2	13	-13	-13	-13	-13	13	13	13	13	13	13	13	13	13	13	13	13	-13	-13	-13	-13	-13	-13	-13	13	-2	-2	-2	-2	-22	-22	-22	-22	22	22	22	22	22	22	22	22	-22	22	22	22	22	22	22	-22	-21	21	21	-21	-21	-21	-21	21	21	21	21	-21	-21	21	21	21	21	-21	-21	-21	26	26	26	-26	-1	-2	-26	26	26	26	-2	-2	-24	24	24	-23	23	23	-23	-2	-20	-20	-20	-20	-20	-20	20	20	20	20	-20	-20	-20	20	20	20	20	-20	-20	-20	-2	-2	-2
20	20	20	-20	20	20	20	20	20	20	20	-20	-20	-20	20	20	-20	-20	20	20	20	20	20	-20	20	20	20	20	20	20	20	38	-20	-20	20	20	-20	-20	20	20	-2	-2	-1	-2	-2	-2	-21	21	-21	-21	21	21	21	21	21	21	-21	-21	-21	-21	-21	-21	21	21	21	-21	-2	22	22	22	22	-22	-22	-22	-22	22	-22	-22	22	22	-22	-22	-22	-22	22	-22	-22	-2	-2	13	-13	-13	-13	13	13	13	13	13	13	13	13	13	13	13	13	13	13	-13	-13	-13	-13	-13	-13	13	-2	-2	-1	-2	22	22	22	-22	-22	22	22	22	22	22	22	-22	-22	-22	22	22	22	22	22	22	-21	-21	-21	-21	-21	21	21	21	21	21	21	-21	-21	21	21	21	21	-21	-21	-21	-26	26	26	26	-2	-1	-26	-26	26	-26	-2	-2	24	24	24	-2	-2	-2	-2	-2	20	20	-20	-20	-20	20	20	20	20	20	20	-20	-20	20	20	20	20	-20	-20	-20	-2	-2	-2
-20	20	-20	-20	20	20	20	20	20	20	-20	-20	-20	-20	-20	-20	-20	20	20	20	-20	20	-20	-20	20	20	20	20	20	20	-20	-20	-20	38	-20	-20	-20	20	20	20	-2	-1	-2	-2	-2	-2	-21	-21	-21	-21	-21	21	21	-21	-21	-21	-21	-21	-21	-21	-21	-21	-21	21	-21	-21	-2	-22	22	22	22	-22	-22	-22	-22	-22	-22	-22	22	22	-22	-22	-22	-22	-22	-22	-22	-2	-2	13	-13	35	-13	-13	13	13	13	13	13	13	13	13	13	13	13	13	-13	-13	-13	-13	-13	-13	-13	13	-2	-1	-2	-2	-22	22	22	22	-22	-22	22	22	-22	22	-22	-22	-22	-22	-22	22	22	-22	22	-22	21	21	21	-21	-21	21	21	21	21	21	21	-21	-21	-21	21	21	-21	-21	-21	-21	-26	-26	26	-26	-2	-2	-2	-2	-2	-2	-2	-2	-24	24	-24	-2	-2	-2	-2	-2	20	20	20	-20	20	20	20	20	20	20	20	-20	-20	-20	20	20	-20	-20	20	20	-2	-2	-2
-20	-20	-20	-20	-20	20	20	-20	-20	-20	-20	-20	-20	-20	-20	-20	-20	-20	20	-20	-20	-20	-20	-20	-20	20	20	-20	-20	-20	38	-20	-20	-20	-20	-20	-20	-20	20	-20	-2	-2	-2	-21	-21	21	21	21	21	-21	-21	-21	21	21	21	-21	21	21	-21	-21	-21	-21	-21	-2	-2	-2	-2	-22	-22	22	-22	-22	22	22	22	22	22	-22	-22	-22	-22	22	22	22	22	22	-22	-2	-2	13	-13	-13	-13	-13	13	13	13	13	13	13	13	13	13	13	13	13	-13	-13	-13	-13	-13	-13	-13	-13	-1	-2	-2	-2	-22	-22	22	-22	-22	-22	22	22	-22	-22	-22	-22	-22	-22	-22	22	22	-22	-22	-22	21	21	-21	-21	21	21	21	21	21	21	21	-21	-21	-21	-21	-21	-21	21	21	21	-2	-2	-2	-2	-2	-2	-1	-2	-1	-2	-1	-1	-2	-2	-1	-2	-1	-2	-2	-2	-20	20	-20	-20	20	20	20	20	20	20	-20	-20	-20	-20	-20	-20	-20	20	20	20	-2	-2	-2
-2	-20	-20	-20	-20	20	20	-20	-20	-20	-20	-20	-20	-20	20	20	-20	-20	-20	-20	-20	-20	-20	-20	-20	20	20	-20	-20	-20	-20	-20	-20	-20	20	20	-20	-20	-20	-20	-20	-2	-1	21	21	21	21	21	21	21	-21	-21	-21	21	21	21	21	21	21	-21	21	21	-21	-2	-2	-2	-2	-22	-22	-22	-22	22	22	22	22	22	22	22	22	-22	22	22	22	22	22	22	-22	-2	-2	13	-13	-13	-13	-13	-13	-13	-13	-13	-13	-13	-13	-13	-13	-13	-13	-13	-13	-13	-13	-13	-13	-13	-13	13	-2	22	22	22	22	22	-22	-22	-22	-22	-22	22	22	22	22	22	-22	-22	-22	-22	-22	-2	-2	-2	-21	21	-21	-21	21	21	21	21	21	21	-21	-21	-21	-21	-21	-21	21	21	21	-21	-2	-2	-2	-2	-2	-1	-2	-2	-2	-2	-2	-2	-2	-2	-2	-2	-2	-1	-2	-2	-20	-20	-20	-20	-20	20	20	-20	-20	-20	-20	-20	-20	-20	-20	-20	-20	-20	20	-20	-2	-2	-2
-2	-20	20	20	20	20	20	20	-20	-20	-20	20	20	20	20	20	20	-20	20	20	-20	-20	20	20	20	20	20	20	-20	-20	-20	20	20	20	20	20	20	-20	20	20	-20	-2	-1	21	21	21	21	21	21	21	21	-21	-21	-21	21	21	21	21	-21	-21	21	21	21	-2	-2	-2	-2	22	22	22	-22	-22	22	22	22	22	22	22	-22	-22	-22	22	22	22	22	22	22	-2	-2	13	13	13	13	13	13	13	13	13	13	13	13	13	13	13	13	13	13	13	13	13	13	13	13	13	-2	22	22	22	22	22	22	38	-22	22	22	22	22	22	22	22	-22	-22	22	22	22	-2	-2	-2	-21	-21	-21	-21	-21	21	21	-21	-21	-21	-21	-21	-21	-21	-21	-21	-21	21	-21	-21	-2	-23	23	23	-23	-2	-2	-1	-2	-1	-2	-2	-1	-1	-2	-2	-2	-2	-2	-2	-2	-2	-20	-20	-20	-20	20	20	-20	-20	-20	-20	-20	-20	-20	20	20	-20	-20	-20	-20	-20	-2
-2	20	20	20	20	20	20	20	-20	-20	-20	20	20	20	20	20	-20	-20	20	20	20	20	20	20	20	20	20	20	-20	-20	-20	20	20	20	20	20	-20	-20	20	20	20	-1	-1	21	21	21	21	21	21	-21	-21	-21	-21	-21	-21	-21	21	21	21	-21	-21	21	-21	-2	-2	-2	-2	-22	22	22	22	-22	-22	22	22	-22	22	-22	-22	-22	-22	-22	22	22	-22	22	-22	-2	-2	-2	-2	-2	-2	-2	-2	22	22	22	22	22	-22	-22	-22	-22	-22	22	22	22	22	22	-22	-22	-22	-22	-22	-22	22	22	22	22	-22	-22	22	22	22	22	22	22	22	-22	-22	22	22	22	-22	-25	25	25	25	25	25	-2	-2	-2	-2	-2	-2	-2	-2	-2	-2	-2	-2	-25	25	25	25	25	25	23	23	23	23	-2	-2	-2	26	26	26	-26	-2	26	26	26	-26	-2	-2	-1	-2	-2	-20	20	20	20	20	20	20	-20	-20	-20	20	20	20	20	20	20	-20	20	20	-20	-2
-2	20	20	20	20	20	20	-20	38	-20	-20	-20	20	-20	20	20	-20	-20	-20	20	-20	20	20	20	20	20	20	-20	-20	-20	-20	-20	20	-20	20	20	-20	-20	-20	20	-20	-1	-2	-21	21	21	-21	-21	-21	-21	21	21	21	21	-21	-21	21	21	21	21	-21	-21	-21	-2	-2	-2	-2	-22	-22	22	-22	-22	-22	22	22	-22	-22	-22	-22	-22	-22	-22	22	22	-22	-22	-22	-2	-2	-2	-2	-2	-2	-2	-2	22	22	22	22	22	22	-22	-22	22	22	22	22	22	22	22	-22	-22	22	22	22	22	22	22	22	-22	38	-22	-22	22	-22	-22	22	22	-22	-22	-22	-22	22	-22	-22	25	25	25	25	25	25	-2	-24	24	24	-2	-2	-25	25	25	25	25	25	25	25	25	25	25	25	23	23	23	23	-2	-2	-2	-26	26	26	26	-2	-26	26	26	26	-2	-1	-2	-2	-2	20	20	20	20	20	20	20	-20	-20	-20	20	20	20	20	20	-20	-20	20	20	20	-2
-2	-20	20	20	-20	-20	38	-20	20	20	-20	-20	-20	-20	-20	20	20	-20	-20	-20	-20	-20	20	20	-20	-20	-20	-20	20	20	-20	-20	-20	-20	-20	20	20	-20	-20	-20	-20	-1	-2	-21	-21	-21	-21	-21	21	21	21	21	21	21	-21	-21	21	21	21	21	-21	-21	-21	26	26	26	-26	-2	-2	-2	-2	-2	-2	-2	-2	22	22	22	22	22	-22	-22	-22	-22	-22	22	22	22	22	22	-22	-22	-22	-22	-22	-22	22	22	22	22	-22	-22	22	22	22	22	22	22	22	-22	-22	22	22	22	-22	-22	22	22	22	-22	-22	38	-22	-22	-22	-22	22	22	-22	-22	-22	-22	-22	-22	-22	-25	25	25	25	25	-25	-2	24	24	24	-2	-2	25	25	25	25	25	25	-25	25	25	25	25	-25	-23	23	23	-23	-2	-2	-2	-26	-26	26	-26	-2	-26	-26	26	-26	-2	-2	-2	-2	-2	20	20	20	20	20	20	-20	-20	-20	-20	-20	20	-20	20	20	-20	-20	-20	20	-20	-2
-2	-20	-20	-20	38	-20	-20	20	20	20	20	-20	-20	-20	20	20	20	20	-20	-20	-20	-20	-20	-20	-20	-20	-20	20	20	20	20	-20	-20	-20	20	20	20	20	-20	-20	-20	-2	-2	21	21	21	-21	-21	21	21	21	21	21	21	-21	-21	-21	21	21	-21	-21	-21	-21	-26	26	26	26	-2	-2	-25	25	25	25	25	25	22	22	22	22	22	22	-22	-22	22	22	22	22	22	22	22	-22	-22	22	22	22	22	22	22	22	-22	-22	-22	-22	22	-22	-22	22	22	-22	-22	-22	-22	22	-22	-22	-22	-22	22	-22	-22	22	22	22	22	22	-22	-22	-22	-22	22	22	22	22	22	-22	-25	-25	25	25	-25	-25	-2	-24	24	-24	-2	-2	-25	25	25	25	25	-25	-25	-25	25	25	-25	-25	-2	-2	-2	-2	-2	-2	-2	-2	-2	-2	-2	-2	-2	-2	-2	-2	-2	-1	-1	-2	-2	-20	20	20	-20	-20	-20	-20	20	20	38	-20	-20	38	-20	20	20	-20	-20	-20	-20	-2
-2	20	20	-20	-20	-20	20	20	20	20	20	20	-20	-20	20	20	20	20	-20	-20	-20	20	20	-20	-20	-20	20	20	20	20	20	20	-20	-20	20	20	20	20	-20	-20	-20	-2	-1	21	21	-21	-21	21	21	21	21	21	21	21	-21	-21	-21	-21	-21	-21	21	21	21	-26	-26	26	-26	-2	-2	25	25	25	25	25	25	-22	22	22	22	22	-22	-22	22	22	22	22	22	22	22	-22	-22	22	22	22	-22	-22	22	22	22	-22	-22	-22	-22	-22	-22	-22	22	22	-22	-22	-22	-22	-22	-22	-22	-22	-22	-22	-22	22	22	22	22	22	22	22	22	-22	22	22	22	22	22	22	-22	-25	-25	25	25	-25	-25	-25	25	25	25	25	25	-25	-25	25	25	-25	-25	-25	-25	25	25	-25	-25	-2	-2	-2	-2	-2	-2	-2	-2	-2	-2	-2	-2	-2	-2	-2	-2	-2	-2	-2	-2	-2	-20	-20	-20	-20	-20	-20	20	20	20	20	-20	-20	-20	20	20	20	20	-20	-20	-20	-2
-2	20	20	20	-20	20	20	20	20	20	20	20	-20	-20	-20	20	20	-20	-20	20	20	20	20	20	-20	20	20	20	20	20	20	20	-20	-20	-20	20	20	-20	-20	20	20	-1	-2	-21	21	-21	-21	21	21	21	21	21	21	-21	-21	-21	-21	-21	-21	21	21	21	-21	-2	-2	-2	-2	-2	-2	-25	25	25	25	25	-25	22	22	22	22	-22	-22	-22	-22	22	-22	-22	22	22	-22	-22	-22	-22	22	-22	-22	-22	-22	22	-22	-22	22	22	22	22	22	-22	-22	-22	-22	22	22	22	22	22	-22	22	22	22	-22	-22	22	22	22	22	22	22	-22	-22	-22	22	22	22	22	22	22	-2	-2	-24	24	24	-2	25	25	25	25	25	25	-25	-25	25	25	-25	-25	-2	-2	-2	-20	-20	-20	-20	20	20	-20	-20	-20	-20	-20	-20	-20	20	20	-20	-20	-20	-20	-20	-2	-1	-2	-2	20	20	-20	-20	-20	20	20	20	20	20	20	-20	38	20	20	20	20	-20	-20	-20	-2
-2	-20	20	-20	-20	20	20	20	20	20	20	-20	-20	-20	-20	-20	-20	-20	20	20	20	-20	20	-20	-20	20	20	20	20	20	20	-20	-20	-20	-20	-20	-20	-20	20	20	20	-1	-2	-21	-21	-21	-21	-21	21	21	-21	-21	-21	-21	-21	-21	-21	-21	-21	-21	21	-21	-21	-2	-2	-2	-2	-2	-2	-25	-25	25	25	-25	-25	-22	22	22	22	-22	-22	-22	-22	-22	-22	-22	22	22	-22	-22	-22	-22	-22	-22	-22	-22	-22	-22	-22	22	22	22	22	22	22	22	22	-22	22	22	22	22	22	22	-22	-22	22	22	22	-22	-22	22	22	-22	22	-22	-22	-22	-22	-22	22	22	-22	22	-22	-2	-2	24	24	24	-2	-25	25	25	25	25	-25	-25	25	25	25	25	25	-2	-2	-2	-20	20	20	20	20	20	20	-20	-20	-20	20	20	20	20	20	20	-20	20	20	-20	-2	-2	-2	-2	20	20	20	-20	20	20	20	20	20	20	20	-20	-20	-20	20	20	-20	-20	20	20	-2
-2	-20	-20	-20	-20	-20	20	20	-20	-20	-20	-20	-20	-20	-20	-20	-20	-20	-20	20	-20	-20	-20	-20	-20	-20	20	20	-20	-20	-20	-20	-20	-20	-20	-20	-20	-20	-20	20	-20	-1	-2	-23	23	23	-23	-2	-21	-21	21	21	21	21	-21	-21	-21	21	21	21	-21	21	21	-21	-21	-21	-21	-21	-2	-25	-25	25	25	-25	-25	-22	-22	22	-22	-22	22	22	22	22	22	-22	-22	-22	-22	22	22	22	22	22	-22	22	22	22	-22	-22	22	22	22	22	22	22	-22	-22	-22	22	22	22	22	22	22	-22	-22	22	-22	-22	-22	22	22	-22	-22	-22	-22	-22	-22	-22	22	22	-22	-22	-22	-2	-2	-24	24	-24	-2	-25	-25	25	25	-25	-25	25	25	25	25	25	25	-2	-2	-2	20	20	20	20	20	20	20	-20	-20	-20	20	20	20	20	20	-20	-20	20	20	20	-2	-1	-2	-2	-20	20	-20	-20	20	20	20	20	20	20	-20	-20	-20	-20	-20	-20	-20	20	20	20	-2
-20	-20	-20	-20	20	20	-20	-20	-20	-20	-20	-20	-20	20	20	-20	-20	-20	-20	-20	-2	-23	23	23	-23	-23	23	23	-23	-2	-2	-2	-2	-23	23	23	-23	-2	-2	-1	-2	-2	-1	23	23	23	23	-2	21	21	21	21	21	21	21	-21	-21	-21	21	21	21	21	21	21	-21	21	21	-21	-2	-2	-2	-2	-2	-2	-2	-22	-22	-22	-22	22	22	22	22	22	22	22	22	-22	22	22	22	22	22	22	-22	-22	22	22	22	-22	-22	22	22	-22	22	-22	-22	-22	-22	-22	22	22	-22	22	-22	-2	-2	-2	-21	-21	21	21	21	21	-21	-21	-21	21	21	21	-21	21	21	-21	-21	-21	-21	-21	-2	-2	-2	-25	-25	25	25	-25	-25	-25	25	25	25	25	-25	-2	-2	-2	20	20	20	20	20	20	-20	-20	-20	-20	-20	20	-20	20	20	-20	-20	-20	20	-20	-2	-2	-1	-2	-20	-20	-20	-20	-20	20	20	-20	-20	-20	-20	-20	-20	-20	-20	-20	-20	-20	20	-20	-2
-20	20	20	20	20	20	20	-20	-20	-20	20	20	20	20	20	20	-20	20	20	-20	-2	23	23	23	23	23	23	23	23	-23	23	23	-23	23	23	23	23	-2	-2	-1	-1	-1	-2	23	23	23	23	-2	21	21	21	21	21	21	21	21	-21	-21	-21	21	21	21	21	-21	-21	21	21	21	-2	-2	-2	-2	-2	-2	-2	22	22	22	-22	-22	22	22	22	22	22	22	-22	-22	-22	22	22	22	22	22	22	-22	-22	22	-22	-22	-22	22	22	-22	-22	-22	-22	-22	-22	-22	22	22	-22	-22	-22	-2	-2	-2	21	21	21	21	21	21	21	-21	-21	-21	21	21	21	21	21	21	-21	21	21	-21	-2	-2	-2	-2	-2	-2	-2	-2	-2	-25	-25	25	25	-25	-25	-2	-2	-2	-20	20	20	-20	-20	-20	-20	20	20	-20	-20	-20	-20	-20	20	20	-20	-20	-20	-20	-24	24	24	-1	-2	-2	-2	-16	16	16	16	16	16	16	16	16	-16	-23	23	23	-23	-2	-2	-2	-2
20	20	20	20	20	20	20	-20	-20	-20	20	20	20	20	20	-20	-20	20	20	20	-2	23	23	23	23	23	23	23	23	23	23	23	23	23	23	23	23	-1	-1	-23	23	23	-23	-23	23	23	-23	-2	21	21	21	21	21	21	-21	-21	-21	-21	-21	-21	-21	21	21	21	-21	-21	21	-21	-2	-2	-2	-2	-2	-2	-2	-22	22	22	22	-22	-22	22	22	-22	22	-22	-22	-22	-22	-22	22	22	-22	22	-22	-2	-2	-2	-21	-21	21	21	21	21	-21	-21	-21	21	21	21	-21	21	21	-21	-21	-21	-21	-21	21	21	21	21	21	21	21	21	-21	-21	-21	21	21	21	21	-21	-21	21	21	21	-2	-2	-2	-2	-2	-2	-2	-2	-2	-25	-25	25	25	-25	-25	-2	-2	-2	-20	-20	-20	-20	-20	-20	20	20	20	20	-20	-20	-20	20	20	20	20	-20	-20	-20	24	24	24	-1	-2	-2	-2	16	16	16	16	16	16	16	16	16	16	23	23	23	23	-2	-2	-2	-2
20	20	20	20	20	20	-20	-20	-20	-20	-20	20	-20	20	20	-20	-20	-20	20	-20	-2	-23	23	23	-23	-23	23	23	-23	23	23	23	23	-23	23	23	-23	-2	-2	23	23	23	23	-2	-2	-2	-2	-2	-21	21	21	-21	-21	-21	-21	21	21	21	21	-21	-21	21	21	21	21	-21	-21	-21	-2	-2	-2	-2	-2	-2	-2	-22	-22	22	-22	-22	-22	22	22	-22	-22	-22	-22	-22	-22	-22	22	22	-22	-22	-22	-2	-2	-2	21	21	21	21	21	21	21	-21	-21	-21	21	21	21	21	21	21	-21	21	21	-21	21	21	21	21	21	21	-21	-21	-21	-21	-21	-21	-21	21	21	21	-21	-21	21	-21	-14	14	14	-14	-14	-14	-14	-14	-14	-14	-14	-14	-14	-2	-2	-2	-2	-2	20	20	-20	-20	-20	20	20	20	20	20	20	-20	-20	20	20	20	20	-20	-20	-20	-24	24	-24	-2	-1	-1	-2	16	16	16	16	16	16	16	16	16	16	23	23	23	23	-24	24	24	-2
-20	20	20	-20	-20	-20	-20	20	20	-20	-20	-20	-20	-20	20	20	-20	-20	-20	-20	-2	-2	-2	-2	-2	-2	-2	-2	-2	-23	23	23	-23	-2	-2	-2	-1	-2	-2	23	23	23	23	-2	-2	-2	-2	-2	-21	-21	-21	-21	-21	21	21	21	21	21	21	-21	-21	21	21	21	21	-21	-21	-21	-2	-2	-25	25	25	25	25	25	-2	-2	-2	-2	-2	-2	-2	-2	-2	-2	-2	-2	-2	-2	-2	-2	-2	-2	-2	-2	-2	-2	21	21	21	21	21	21	21	21	-21	-21	-21	21	21	21	21	-21	-21	21	21	21	-21	21	21	-21	-21	-21	-21	21	21	21	21	-21	-21	21	21	21	21	-21	-21	-21	14	14	14	14	-14	-14	-14	36	-14	14	14	-14	-14	-1	-2	-2	-2	-2	20	20	20	-20	20	20	20	20	20	20	20	-20	-20	-20	20	20	-20	-20	20	20	-2	-2	-2	-2	-2	-2	-2	-2	-2	-2	-1	-2	-2	-2	-2	-2	-2	-23	23	23	-23	24	24	24	-2
-20	-20	-20	-20	-20	-20	20	20	20	20	-20	-20	-20	20	20	20	20	-20	-20	-20	-2	-12	12	12	12	12	12	12	12	-12	-12	-12	-2	-2	-2	-1	-2	-2	-2	-23	23	23	-23	-2	-2	-2	-2	-2	21	21	21	-21	-21	21	21	21	21	21	21	-21	-21	-21	21	21	-21	-21	-21	-21	-2	-2	25	25	25	25	25	25	-2	-2	-2	-2	-2	-2	-2	-2	-2	-2	-2	-2	-2	-2	-2	-2	-2	-2	-2	-2	-2	-2	21	21	21	21	21	21	-21	-21	-21	-21	-21	-21	-21	21	21	21	-21	-21	21	-21	-21	-21	-21	-21	-21	21	21	21	21	21	21	-21	-21	21	21	21	21	-21	-21	-21	14	14	14	14	14	14	-14	-14	14	14	14	14	-14	-2	-2	-24	24	24	-20	20	-20	-20	20	20	20	20	20	20	-20	-20	-20	-20	-20	-20	-20	20	20	20	-2	-2	-2	-2	-2	-2	-2	-1	-2	-1	-2	-2	-1	-2	-1	-1	-2	-2	-2	-2	-2	-24	24	-24	-2
20	20	-20	-20	-20	20	20	20	20	20	20	-20	-20	20	20	20	20	-20	-20	-20	-2	12	12	12	12	12	12	12	12	12	-12	-12	-2	-2	-2	-1	-2	-16	16	16	16	16	16	16	16	16	-16	-2	21	21	-21	-21	21	21	21	21	21	21	21	-21	-21	-21	-21	-21	-21	21	21	21	-2	-2	-25	25	25	25	25	-25	-2	-2	-2	-2	-2	-2	-2	-2	-2	-2	-2	-2	-2	-2	-2	-2	-2	-2	-2	-2	-2	-2	-21	21	21	-21	-21	-21	-21	21	21	21	21	-21	-21	21	21	21	21	-21	-21	-21	21	21	21	-21	-21	21	21	21	21	21	21	-21	-21	-21	21	21	-21	-21	-21	-21	-14	-14	-14	-14	-14	-14	-14	14	14	14	14	14	14	-2	-2	24	24	24	-20	-20	-20	-20	-20	20	20	-20	-20	-20	-20	-20	-20	-20	-20	-20	-20	-20	20	-20	-2	-2	-2	-2	-2	-2	-2	-2	-2	-2	-2	-2	-2	-1	-2	-2	-24	24	24	-23	23	23	-23	-2	-2
20	20	20	-20	20	20	20	20	20	20	20	-20	-20	-20	20	20	-20	-20	20	20	-2	12	12	12	12	12	12	12	12	12	12	12	34	-2	-1	-2	-2	16	16	16	16	16	16	16	16	16	16	-2	-21	21	-21	-21	21	21	21	21	21	21	-21	-21	-21	-21	-21	-21	21	21	21	-21	-2	-2	-25	-25	25	25	-25	-25	-2	-2	-21	-21	21	21	21	21	-21	-21	-21	21	21	21	-21	21	21	-21	-21	-21	-21	-21	-21	-21	-21	-21	-21	21	21	21	21	21	21	-21	-21	21	21	21	21	-21	-21	-21	21	21	-21	-21	21	21	21	21	21	21	21	-21	-21	-21	-21	-21	-21	21	21	21	-14	-14	14	14	14	14	-14	-14	-14	-14	36	-14	-14	-1	-2	-24	24	-24	-2	-2	-2	-2	-2	-24	24	24	-2	-2	-2	-2	-10	-10	10	10	10	10	10	10	10	10	10	10	10	10	10	10	10	10	10	10	-10	-10	-2	-1	24	24	24	23	23	23	23	-2	-2
-20	20	-20	-20	20	20	20	20	20	20	-20	-20	-20	-20	-20	-20	-20	20	20	20	-2	12	-12	12	-12	12	-12	12	-12	12	12	12	-2	-1	-2	-2	-1	16	16	16	16	16	16	16	16	16	16	-2	-21	-21	-21	-21	-21	21	21	-21	-21	-21	-21	-21	-21	-21	-21	-21	-21	21	-21	-21	-2	-2	-25	-25	25	25	-25	-25	-2	-2	21	21	21	21	21	21	21	-21	-21	-21	21	21	21	21	21	21	-21	21	21	-21	21	21	21	-21	-21	21	21	21	21	21	21	-21	-21	-21	21	21	-21	-21	-21	-21	-21	21	-21	-21	21	21	21	21	21	21	-21	-21	-21	-21	-21	-21	21	21	21	-21	-14	-14	-14	14	14	14	36	-14	-14	-14	-14	-14	-14	-2	-2	-1	-1	-2	-2	-2	-2	-2	-2	24	24	24	-2	-2	-2	-2	-10	10	10	10	10	10	10	10	10	10	10	10	10	10	10	10	10	10	10	10	10	-10	-2	-2	-24	24	-24	23	23	23	23	-2	-2
-20	-20	-20	-20	-20	20	20	-20	-20	-20	-20	-20	-20	-20	-20	-20	-20	-20	20	-20	-2	-1	-1	-2	-1	-2	-1	-1	-1	-1	-1	-1	-1	-2	-2	-2	-1	-1	-2	-2	-2	-1	-2	-1	-2	-2	-2	-2	-2	-2	-2	-2	-2	-2	-2	-2	-21	-21	21	21	21	21	-21	-21	-21	21	21	21	-21	21	21	-21	-21	-21	-21	-21	-2	-2	21	21	21	21	21	21	21	21	-21	-21	-21	-21	21	21	21	21	-21	21	21	21	21	21	-21	-21	21	21	21	21	21	21	21	-21	-21	-21	-21	-21	-21	21	21	21	-21	-21	-21	-21	-21	21	21	-21	-21	-21	-21	-21	-21	-21	-21	-21	-21	21	-21	-21	-2	-2	-1	-2	-2	-2	-1	-2	-2	-2	-1	-2	-1	-2	-2	-2	-2	-1	-2	-2	-2	-2	-2	-24	24	-24	-2	-2	-2	-2	10	10	10	10	10	10	10	10	10	10	10	10	10	10	10	10	10	10	10	10	10	10	-2	-1	-2	-2	-2	-23	23	23	-23	-2	-2
-2	-2	-2	-23	23	23	-23	-2	-2	-2	-2	-2	-2	-2	-2	-2	-2	-2	-2	-2	-2	-2	-2	-2	-2	-1	-1	-1	-1	-2	-2	-2	-2	-2	-2	-2	-2	-2	-2	-1	-2	-2	-2	-2	-2	-2	-2	-2	-2	-2	-2	-2	-2	-2	-2	-2	21	21	21	21	21	21	21	-21	-21	-21	21	21	21	21	21	21	-21	21	21	-21	-2	-2	21	21	21	21	21	21	-21	-21	-21	-21	-21	-21	-21	21	21	21	-21	-21	21	-21	-21	21	-21	-21	21	21	21	21	21	21	-21	-21	-21	-21	-21	-21	21	21	21	-21	-2	-2	-2	-2	-2	-2	-2	-2	-2	-2	-20	-20	-20	-20	20	20	-20	-20	-20	-20	-20	-20	-20	20	20	-20	-20	-20	-20	-20	-1	-2	-2	-2	-1	-2	-2	-2	-1	-2	-1	-2	-1	-2	-2	-1	-2	-2	-2	-2	-10	10	10	10	10	10	10	10	10	10	10	10	10	10	10	10	10	10	10	10	10	-10	-2	-1	-2	-2	-2	-2	-23	23	23	-23	-2
-2	-2	-2	23	23	23	23	-2	-2	-2	-2	-2	-2	-2	-2	-2	-2	-2	-2	-2	-2	-2	-2	-2	-2	-2	-1	-2	-2	-10	-10	10	10	10	10	10	10	10	10	10	10	10	10	10	10	10	10	10	10	-10	-10	-2	-2	-2	-2	-2	21	21	21	21	21	21	21	21	-21	-21	-21	21	21	21	21	-21	-21	21	21	21	-2	-2	-21	21	21	-21	-21	-21	-21	21	21	21	21	-21	-21	21	21	21	21	-21	-21	-21	-21	-21	-21	-21	-21	21	21	-21	-21	-21	-21	-21	-21	-21	-21	-21	-21	21	-21	-21	-2	-2	-2	-2	-2	-2	-2	-2	-2	-2	-20	20	20	20	20	20	20	-20	-20	-20	20	20	20	20	20	20	-20	20	20	-20	-2	-2	-2	-2	-2	-24	24	24	-24	24	24	1	-2	-2	-2	-2	-1	-2	-2	-2	-10	10	10	10	10	10	10	10	10	10	10	10	10	10	10	10	10	10	10	10	10	-10	-2	-2	-1	-2	-2	-2	23	23	23	23	-2
-2	-2	-2	23	23	23	23	-2	-2	-2	-2	-2	-2	-2	-2	-2	-2	-2	-2	-2	-2	-2	-2	-2	-2	-2	-1	-1	-2	-10	10	10	10	10	10	10	10	10	10	10	10	10	10	10	10	10	10	10	10	10	-10	-2	-2	-2	-2	-2	21	21	21	21	21	21	-21	-21	-21	-21	-21	-21	-21	21	21	21	-21	-21	21	-21	-2	-2	-21	-21	-21	-21	-21	-21	21	21	21	21	21	-21	-21	21	21	21	21	-21	-21	-21	-2	-2	-2	-2	-2	-2	-2	-2	-2	-2	-2	-2	-2	26	26	26	-26	-2	-2	-16	16	16	16	16	16	16	16	16	-16	-2	20	20	20	20	20	20	20	-20	-20	-20	20	20	20	20	20	-20	-20	20	20	20	-2	-2	-2	-2	-2	24	24	24	24	24	24	-2	-2	-1	-2	-2	-2	-1	-1	-2	-1	-1	-2	-1	-1	-1	-1	-2	-1	-1	-1	-1	-1	-1	-2	-1	-1	-1	-1	-1	-2	-1	-1	-1	-2	-2	-2	-2	23	23	23	23	-2
-2	-2	-2	-23	23	23	-23	-11	-11	-11	-11	-11	-11	-11	-11	11	11	-11	-11	-11	-11	-11	-11	-11	-11	-2	-1	-1	-2	10	10	10	10	10	10	10	10	10	10	10	10	10	10	10	10	10	10	10	10	10	10	-2	-2	-2	-2	-2	-21	21	21	-21	-21	-21	-21	21	21	21	21	-21	-21	21	21	21	21	-21	-21	-21	-2	-2	21	21	21	-21	-21	21	21	21	21	21	21	-21	-21	-21	21	21	-21	-21	-21	-21	-2	-2	-2	-2	-2	-2	-2	-2	-2	-2	-2	-2	-2	-26	26	26	26	-1	-2	16	16	16	16	16	16	16	16	16	16	-2	20	20	20	20	20	20	-20	-20	-20	-20	-20	20	-20	20	20	-20	-20	-20	20	-20	-2	-24	24	24	-2	-24	24	-24	-24	24	-24	-2	-24	24	24	-1	-2	-2	-2	-2	-2	-2	-2	-2	-2	-2	33	-2	-2	-2	-16	16	16	16	16	16	16	16	16	-16	-2	-2	-2	-1	-1	-1	-2	-2	-23	23	23	-23	-2
-23	23	23	-23	-2	-2	-2	-11	-11	-11	-11	-11	-11	-11	-11	11	11	-11	-11	-11	-11	-11	-11	-11	-11	-2	-2	-1	-2	-10	10	10	10	10	10	10	10	10	10	10	10	10	10	10	10	10	10	10	10	10	-10	-2	-2	-2	-2	-2	-21	-21	-21	-21	-21	21	21	21	21	21	21	-21	-21	21	21	21	21	-21	-21	-21	-2	-2	21	21	-21	-21	21	21	21	21	21	21	21	-21	38	-21	-21	-21	-21	21	21	21	-2	-2	-15	15	15	15	15	15	15	15	15	-15	-2	-26	-26	26	-26	-2	-2	16	16	16	16	16	16	16	16	16	16	-2	-20	20	20	-20	-20	-20	-20	20	20	-20	-20	-20	-20	-20	20	20	-20	-20	-20	-20	-2	24	24	24	-2	-2	-24	24	24	-2	-2	-2	24	24	24	-2	-2	-2	-2	-2	-2	-2	-2	-2	-2	-2	-2	-2	-2	-2	16	16	16	16	16	16	16	16	16	16	-2	-1	-1	-1	-2	-2	-1	-1	-2	-2	-2	1	-2
23	23	23	23	-2	-2	-2	-11	-11	-11	-11	-11	-11	-11	-11	11	11	11	11	11	11	11	11	-11	-11	-2	-1	-1	-1	-10	10	10	10	10	10	10	10	10	10	10	10	10	10	10	10	10	10	10	10	10	-10	-2	-2	-2	-2	-2	21	21	21	-21	-21	21	21	21	21	21	21	-21	-21	-21	21	21	-21	-21	-21	-21	-2	-2	-21	21	-21	-21	21	21	21	21	21	21	-21	-21	-21	38	-21	-21	21	21	21	-21	-2	-2	15	15	15	15	15	15	15	15	15	15	-1	-2	-2	-2	-2	-2	-1	-2	-2	-2	-2	-1	-2	-2	-2	-2	-2	-2	-20	-20	-20	-20	-20	-20	20	20	20	20	-20	-20	-20	20	20	20	20	-20	-20	-20	-2	-24	24	-24	-2	-2	24	24	24	-2	-2	-2	-24	24	-24	-2	-15	15	15	15	15	15	15	15	15	-15	-1	-24	24	24	16	16	16	16	16	16	16	16	16	16	-2	-2	-2	-2	-2	-1	-2	-1	-2	-1	-2	-1	-2
23	23	23	23	-2	-2	-2	-11	-11	11	11	11	11	11	11	11	11	11	11	11	11	11	11	11	-11	-2	-2	-1	-1	-1	-1	-2	-1	-1	-2	-1	-1	-1	-2	-1	33	-1	-1	-1	-1	-1	-2	-1	-1	-1	-2	-2	-1	-2	-1	-2	21	21	-21	-21	21	21	21	21	21	21	21	-21	-21	-21	-21	-21	-21	21	21	21	-2	-2	-21	-21	-21	-21	-21	21	21	-21	-21	-21	-21	-21	38	-21	-21	-21	-21	21	-21	-21	-2	-2	15	15	15	15	15	15	15	15	15	15	-1	-2	-1	-2	-2	-2	-2	-1	-2	-1	-2	-2	-1	-2	-2	-2	-2	-2	20	20	-20	-20	-20	20	20	20	20	20	20	-20	-20	20	20	20	20	-20	-20	-20	-2	-2	-2	-2	-2	-2	-24	24	-24	-2	-2	-2	-2	-2	-2	-2	15	15	15	15	15	15	15	15	15	15	-1	24	24	24	-2	-2	-24	24	24	-2	-2	-1	-2	-2	-1	-2	-24	24	24	-2	-2	-2	-2	-2	-2	-2	-2
-23	23	23	-23	-2	-2	-2	-11	11	11	11	11	11	11	11	11	11	11	11	11	11	11	11	11	11	-2	-1	-2	-1	-2	-2	-2	-2	-2	-2	-2	-2	-2	-2	-2	-2	-2	-2	-2	-1	-2	-2	-2	-2	-2	-2	-2	-2	-2	-2	-2	-21	21	-21	-21	21	21	21	21	21	21	-21	-21	-21	-21	-21	-21	21	21	21	-21	-2	-2	-2	-2	-2	-20	-20	-20	-20	20	20	-20	-20	-20	-20	-20	-20	-20	20	20	-20	-20	-20	-20	-20	-2	-2	-2	-1	-2	-2	-2	-2	-2	-1	-2	-2	37	-1	-1	-2	37	-2	-2	-2	-2	-2	-2	-2	-2	-2	-2	20	20	20	-20	20	20	20	20	20	20	20	38	-20	-20	20	20	-20	-20	20	20	-2	-2	-2	-2	-2	-2	-2	-2	-2	-2	-2	-2	-2	-2	-2	-2	15	15	15	15	15	15	15	15	15	15	-2	-24	24	-24	-2	-1	24	24	24	-2	-2	-2	-2	-1	-2	-2	24	24	24	-2	-2	-2	-23	23	23	-23	-2
-2	-23	23	23	-23	-2	-2	11	11	11	11	11	11	11	11	11	11	11	11	11	11	11	11	11	11	-2	-2	-1	-1	-2	-2	-2	-2	-2	-2	-2	-2	-2	-2	-2	-2	-2	-2	-2	-2	-2	-2	-2	-1	-2	-2	-2	-2	-2	-2	-2	-21	-21	-21	-21	-21	21	21	-21	-21	-21	-21	-21	-21	-21	-21	-21	-21	21	-21	-21	-2	-2	-2	-2	-2	-20	20	20	20	20	20	20	-20	-20	-20	20	20	20	20	20	20	-20	20	20	-20	-2	-2	-2	-2	-2	-1	-2	-1	-2	-1	-2	-2	-2	-2	-2	-1	-2	-1	-2	-2	-2	-2	-2	-2	-2	-2	-2	-20	20	-20	-20	20	20	20	20	20	20	-20	-20	-20	38	-20	-20	-20	20	20	20	-2	-2	-2	-2	-2	-2	-20	-20	-20	-20	20	20	-20	-20	-20	-20	-20	-20	-20	20	20	-20	-20	-20	-20	-20	-2	-2	-2	-2	-2	-2	-24	24	-24	-1	-2	-2	-2	-2	-2	-2	-24	24	-24	-2	-2	-2	23	23	23	23	-2
-2	23	23	23	23	-2	-2	-11	11	11	11	11	11	11	11	11	11	11	11	11	11	11	11	11	11	-2	31	-1	-2	-2	-2	-15	15	15	15	15	15	15	15	15	-15	-2	-2	-2	-2	-2	-2	-2	-2	-2	-2	-2	-2	-2	-2	-2	-2	-2	-2	-2	-2	-20	-20	-20	-20	20	20	-20	-20	-20	-20	-20	-20	-20	20	20	-20	-20	-20	-20	-20	20	20	20	20	20	20	20	-20	-20	-20	20	20	20	20	20	-20	-20	20	20	20	-24	24	24	-2	-2	-2	-2	-2	-2	-2	37	-1	17	17	17	17	17	-2	37	-2	-2	-2	-2	-2	-2	-2	-2	-20	-20	-20	-20	-20	20	20	-20	-20	-20	-20	-20	-20	-20	-20	38	-20	-20	20	-20	-2	-2	-2	-2	-2	-2	-20	20	20	20	20	20	20	-20	-20	-20	20	20	20	20	20	20	-20	20	20	-20	-2	-2	-2	-2	-2	-2	-2	-2	-2	-2	-2	-2	-2	-2	-2	-2	-2	-2	-2	-2	-2	-2	23	23	23	23	-2
-2	23	23	23	23	-1	-2	-11	-11	-11	-11	-11	-11	-11	-11	-11	-11	-11	-11	-11	-11	-11	-11	-11	-11	-2	-1	-1	-2	-2	-2	15	15	15	15	15	15	15	15	15	15	-20	-20	-20	-20	20	20	-20	-20	-20	-20	-20	-20	-20	20	20	-20	-20	-20	-20	-20	-20	20	20	20	20	20	20	-20	-20	-20	20	20	20	20	20	20	-20	20	20	-20	20	20	20	20	20	20	-20	-20	-20	-20	-20	20	-20	20	20	-20	-20	-20	20	-20	24	24	24	-2	-2	-2	-2	-2	-2	-2	-2	-2	-2	-20	-20	-20	-20	20	20	-20	-20	-20	-20	-20	-20	-20	20	20	-20	-20	-20	-20	-20	-20	-20	-20	-20	20	20	-20	38	-20	-20	-20	-20	-20	20	20	-20	-20	-20	-20	-20	20	20	20	20	20	20	20	-20	-20	-20	20	20	20	20	20	-20	-20	20	20	20	-20	-20	-20	-20	20	20	-20	-20	-20	-20	-20	-20	-20	20	20	-20	-20	-20	-20	-20	-2	-2	-23	23	23	-23	-2
-2	-23	23	23	-23	-2	-2	-11	-11	11	11	11	-11	11	11	11	-11	-11	-11	11	11	11	11	-11	-11	-2	-2	-2	-2	-2	-2	15	15	15	15	15	15	15	15	15	15	-20	20	20	20	20	20	20	-20	-20	-20	20	20	20	20	20	20	-20	20	20	-20	20	20	20	20	20	20	20	-20	-20	-20	20	20	20	20	20	-20	-20	20	20	20	-20	20	20	-20	-20	-20	-20	20	20	-20	-20	-20	-20	-20	20	20	-20	-20	-20	-20	-24	24	-24	-15	15	15	15	15	15	15	15	15	-15	-20	20	20	20	20	20	20	-20	-20	-20	20	20	20	20	20	20	-20	20	20	-20	-20	20	20	20	20	20	20	-20	-20	-20	20	20	20	20	20	20	-20	20	20	-20	20	20	20	20	20	20	-20	-20	-20	-20	-20	20	-20	20	20	-20	-20	-20	20	-20	-20	20	20	20	20	20	20	-20	-20	-20	20	20	20	20	20	20	-20	20	20	-20	-23	23	23	-23	-2	-2	-2
-2	-2	-23	23	23	-23	-1	-1	-2	-1	-1	-1	-2	-1	-1	-1	-2	-1	-1	-1	-2	-1	-1	-1	-2	-2	-1	-1	-2	-1	-2	-2	-2	-2	-2	-2	-2	-2	-2	-2	-2	20	20	20	20	20	20	20	-20	-20	-20	20	20	20	20	20	-20	-20	20	20	20	20	20	20	20	20	20	-20	-20	-20	-20	-20	20	38	20	20	-20	-20	-20	20	-20	-20	-20	-20	-20	-20	-20	20	20	20	20	-20	-20	-20	20	20	20	20	-20	-20	-20	-2	-2	-2	15	15	15	15	15	15	15	15	15	15	20	20	20	20	20	20	20	-20	-20	-20	20	20	20	20	20	-20	-20	20	20	20	20	20	20	20	20	20	20	-20	-20	38	20	20	20	20	20	-20	-20	20	20	20	-20	20	20	-20	-20	-20	-20	20	20	-20	-20	-20	-20	-20	20	20	-20	-20	-20	-20	20	20	20	20	20	20	20	-20	-20	-20	20	20	20	20	20	-20	-20	20	20	20	23	23	23	23	-2	-2	-2
-2	-2	23	23	23	23	-2	-2	-15	15	15	15	15	15	15	15	15	-15	-2	32	-2	-2	-2	-1	-1	-1	-2	-1	-1	-1	-2	-1	-1	-2	-1	-2	-2	-2	-2	-2	-2	20	20	20	20	20	20	-20	-20	-20	-20	-20	20	-20	20	20	-20	-20	-20	20	-20	-20	20	20	-20	-20	-20	-20	20	20	-20	-20	-20	-20	-20	20	20	-20	38	-20	-20	20	20	-20	-20	-20	20	20	20	20	20	20	-20	-20	20	20	20	20	-20	-20	-20	-2	-2	-2	15	15	15	15	15	15	15	15	15	15	20	20	20	20	20	20	-20	-20	-20	-20	-20	20	-20	20	20	-20	-20	-20	20	-20	20	20	20	20	20	20	-20	-20	-20	-20	-20	20	-20	20	20	-20	-20	-20	20	-20	-20	-20	-20	-20	-20	-20	20	20	20	20	-20	-20	-20	20	20	20	20	-20	-20	-20	20	20	20	20	20	20	-20	-20	-20	-20	-20	20	-20	20	20	-20	-20	-20	20	-20	23	23	23	23	-2	-2	-2
-2	-2	23	23	23	23	-1	-2	15	15	15	15	15	15	15	15	15	15	-2	-2	-2	-2	-2	-2	-1	-1	-1	-2	-2	-2	-23	23	23	-23	-1	-2	-1	-1	-2	-2	-2	-20	20	20	-20	-20	-20	-20	20	20	-20	-20	-20	-20	-20	20	20	-20	-20	-20	-20	-20	-20	-20	-20	-20	-20	20	20	20	20	-20	-20	38	20	20	20	20	-20	-20	-20	20	20	20	-20	20	20	20	20	20	20	20	-20	-20	-20	20	20	-20	-20	20	20	-23	23	23	-23	-23	23	23	-23	-2	-23	23	23	-23	-20	20	20	-20	-20	-20	-20	20	20	-20	-20	-20	-20	-20	20	20	-20	-20	-20	-20	-20	20	20	-20	-20	-20	-20	20	20	-20	-20	-20	-20	-20	20	20	-20	-20	-20	-20	20	20	-20	-20	-20	20	20	20	20	20	20	-20	-20	20	20	20	20	-20	-20	-20	-20	20	20	-20	-20	-20	-20	20	20	-20	-20	-20	-20	-20	20	20	-20	-20	-20	-20	-23	23	23	-23	-2	-2	-2
-2	-2	-23	23	23	-23	-2	-2	15	15	15	15	15	15	15	15	15	15	-1	-2	-2	-2	-23	23	23	-23	-2	-2	-2	-2	23	23	23	23	-2	-1	-2	-2	-1	-2	-2	-20	-20	-20	-20	-20	-20	20	20	20	20	-20	-20	-20	20	20	20	20	-20	-20	-20	20	20	-20	-20	-20	20	20	20	20	20	20	-20	-20	20	20	20	20	-20	-20	-20	-20	20	-20	-20	20	20	20	20	20	20	-20	-20	-20	-20	-20	-20	-20	20	20	20	23	23	23	23	23	23	23	23	-1	23	23	23	23	-20	-20	-20	-20	-20	-20	20	20	20	20	-20	-20	-20	20	20	20	20	-20	-20	-20	-20	-20	-20	-20	-20	-20	20	20	20	20	-20	-20	-20	20	20	20	20	-20	-20	-20	20	20	20	-20	20	20	20	20	20	20	20	-20	-20	-20	20	20	-20	-20	20	20	-20	-20	-20	-20	-20	-20	20	20	20	20	-20	-20	-20	20	20	20	20	-20	-20	-20	-23	23	23	-23	-2	-2	-2
-2	-2	-23	23	23	-23	-23	23	23	-23	-2	-1	-2	-2	-23	23	23	-23	-23	23	23	-23	23	23	23	23	-23	23	23	-23	23	23	23	23	-23	23	23	-23	-1	-2	-2	20	20	-20	-20	-20	20	20	20	20	20	20	-20	-20	20	20	20	20	-20	-20	-20	20	20	20	-20	20	20	20	20	20	20	20	-20	-20	-20	20	20	-20	38	20	20	-20	-20	-20	-20	-20	20	20	-20	-20	-20	-20	-20	-20	-20	-20	-20	-20	-20	20	-20	23	23	23	23	23	23	23	23	-2	23	23	23	23	20	20	-20	-20	-20	20	20	20	20	20	20	-20	-20	20	20	20	20	-20	-20	-20	20	20	-20	-20	-20	20	20	20	20	20	20	-20	-20	20	20	20	20	-20	-20	-20	-20	20	-20	-20	20	20	20	20	20	20	-20	-20	-20	-20	-20	-20	-20	20	20	20	20	20	-20	-20	-20	20	20	20	20	20	20	-20	-20	20	20	20	20	-20	-20	-20	23	23	23	23	-2	-2	-2
-2	-2	23	23	23	23	23	23	23	23	-2	-2	-2	-2	23	23	23	23	23	23	23	23	23	23	23	23	23	23	23	23	-23	23	23	-23	23	23	23	23	-2	-1	-2	20	20	20	-20	20	20	20	20	20	20	20	-20	-20	-20	20	20	-20	-20	20	20	-20	20	-20	-20	20	20	20	20	20	20	-20	-20	-20	-20	-20	-20	-20	20	20	20	-2	-2	-2	-2	-2	-2	-2	-2	-2	-2	-2	-2	-2	-2	-2	-2	-2	-2	-2	-2	-23	23	23	-23	-23	23	23	-23	-2	-23	23	23	-23	20	20	20	-20	20	20	20	20	20	20	20	-20	-20	-20	20	20	-20	-20	20	20	20	20	20	-20	20	20	20	20	20	20	20	-20	-20	-20	20	20	-20	-20	20	20	-20	-20	-20	-20	-20	20	20	-20	-20	-20	-20	-20	-20	-20	-20	-20	-20	-20	20	-20	20	20	20	-20	20	20	20	20	20	20	20	-20	-20	-20	20	20	-20	-20	20	20	23	23	23	23	-2	-2	-2
-2	-2	23	23	23	23	23	23	23	23	-2	-2	-2	-2	23	23	23	23	23	23	23	23	-23	23	23	-23	23	23	23	23	-2	-2	-2	-2	23	23	23	23	-2	-1	-1	-20	20	-20	-20	20	20	20	20	20	20	-20	-20	-20	-20	-20	-20	-20	20	20	20	-20	-20	-20	-20	-20	20	20	-20	-20	-20	-20	-20	-20	-20	-20	-20	-20	-20	20	-20	-2	-2	-2	-2	-2	-2	-2	-2	-2	-2	-2	-2	-2	-2	-2	-2	-2	-2	-2	-2	-2	-2	-2	-2	-2	-2	-2	-2	-2	-2	-2	-2	-2	-20	20	-20	-20	20	20	20	20	20	20	-20	-20	-20	-20	-20	-20	-20	20	20	20	-20	20	-20	-20	20	20	20	20	20	20	-20	-20	-20	-20	-20	-20	-20	20	20	20	-2	-2	-2	-2	-2	-2	-2	-2	-2	-2	-2	-2	-2	-2	-2	-2	-2	-2	-2	-2	-20	20	-20	-20	20	20	20	20	20	20	-20	-20	-20	-20	-20	-20	-20	20	20	20	-23	23	23	-23	-2	-2	-2
-2	-2	-23	23	23	-23	-23	23	23	-23	-2	-2	-2	-2	-23	23	23	-23	-23	23	23	-23	-2	-2	-2	-2	-23	23	23	-23	-2	-2	-2	-2	-23	23	23	-23	-2	-1	-2	-20	-20	-20	-20	-20	20	20	-20	-20	-20	-20	-20	-20	-20	-20	-20	-20	-20	20	-20	-2	-2	-2	-2	-2	-2	-2	-2	-2	-2	-2	-2	-2	-2	-2	-2	-2	-2	-2	-2	-2	-2	-2	-2	-2	-2	-2	-2	-2	-2	-2	-2	-2	-2	-2	-2	-2	-2	-2	-2	-2	-2	-2	-2	-2	-2	-2	-2	-2	-2	-2	-2	-2	-20	-20	-20	-20	-20	20	20	-20	-20	-20	-20	-20	-20	-20	-20	-20	-20	-20	20	-20	-20	-20	-20	-20	-20	20	20	-20	-20	-20	-20	-20	-20	-20	-20	-20	-20	-20	20	-20	-2	-2	-2	-2	-2	-2	-2	-2	-2	-2	-2	-2	-2	-2	-2	-2	-2	-2	-2	-2	-20	-20	-20	-20	-20	20	20	-20	-20	-20	-20	-20	-20	-20	-20	-20	-20	-20	20	-20	-2	-2	-2	-2	-2	-2	-2
